meanct250=[0
2.54406e-18
5.69197e-18
9.38316e-18
1.35544e-17
1.81516e-17
2.31294e-17
2.8449e-17
3.40772e-17
3.9985e-17
4.6147e-17
5.25408e-17
5.91464e-17
6.59459e-17
7.29233e-17
8.00641e-17
8.73551e-17
9.47843e-17
1.02341e-16
1.10014e-16
1.17796e-16
1.25678e-16
1.33651e-16
1.41709e-16
1.49844e-16
1.58052e-16
1.66326e-16
1.7466e-16
1.8305e-16
1.91491e-16
1.99978e-16
2.08509e-16
2.17078e-16
2.25683e-16
2.34319e-16
2.42985e-16
2.51676e-16
2.60391e-16
2.69126e-16
2.7788e-16
2.86649e-16
2.95432e-16
3.04227e-16
3.13031e-16
3.21844e-16
3.30662e-16
3.39485e-16
3.48312e-16
3.57139e-16
3.65967e-16
3.74794e-16
3.83619e-16
3.9244e-16
4.01257e-16
4.10068e-16
4.18872e-16
4.27669e-16
4.36457e-16
4.45236e-16
4.54005e-16
4.62763e-16
4.7151e-16
4.80244e-16
4.88965e-16
4.97673e-16
5.06367e-16
5.15046e-16
5.2371e-16
5.32358e-16
5.4099e-16
5.49606e-16
5.58204e-16
5.66785e-16
5.75348e-16
5.83893e-16
5.9242e-16
6.00928e-16
6.09416e-16
6.17885e-16
6.26335e-16
6.34764e-16
6.43173e-16
6.51562e-16
6.5993e-16
6.68277e-16
6.76603e-16
6.84908e-16
6.93191e-16
7.01453e-16
7.09693e-16
7.17911e-16
7.26107e-16
7.34281e-16
7.42433e-16
7.50562e-16
7.58669e-16
7.66753e-16
7.74814e-16
7.82853e-16
7.90869e-16
7.98862e-16
8.06832e-16
8.14779e-16
8.22703e-16
8.30604e-16
8.38482e-16
8.46336e-16
8.54167e-16
8.61975e-16
8.6976e-16
8.77521e-16
8.85259e-16
8.92974e-16
9.00665e-16
9.08333e-16
9.15978e-16
9.23599e-16
9.31197e-16
9.38771e-16
9.46322e-16
9.5385e-16
9.61355e-16
9.68836e-16
9.76294e-16
9.83728e-16
9.9114e-16
9.98528e-16
1.00589e-15
1.01323e-15
1.02055e-15
1.02785e-15
1.03512e-15
1.04237e-15
1.0496e-15
1.0568e-15
1.06398e-15
1.07114e-15
1.07827e-15
1.08538e-15
1.09247e-15
1.09954e-15
1.10658e-15
1.1136e-15
1.1206e-15
1.12758e-15
1.13453e-15
1.14146e-15
1.14837e-15
1.15526e-15
1.16212e-15
1.16896e-15
1.17578e-15
1.18258e-15
1.18935e-15
1.1961e-15
1.20284e-15
1.20954e-15
1.21623e-15
1.2229e-15
1.22954e-15
1.23616e-15
1.24276e-15
1.24934e-15
1.2559e-15
1.26243e-15
1.26895e-15
1.27544e-15
1.28191e-15
1.28836e-15
1.29479e-15
1.3012e-15
1.30759e-15
1.31395e-15
1.3203e-15
1.32662e-15
1.33293e-15
1.33921e-15
1.34547e-15
1.35171e-15
1.35793e-15
1.36413e-15
1.37031e-15
1.37647e-15
1.38261e-15
1.38873e-15
1.39483e-15
1.4009e-15
1.40696e-15
1.413e-15
1.41902e-15
1.42502e-15
1.43099e-15
1.43695e-15
1.44289e-15
1.44881e-15
1.45471e-15
1.46059e-15
1.46645e-15
1.47229e-15
1.47811e-15
1.48392e-15
1.4897e-15
1.49546e-15
1.50121e-15
1.50693e-15
1.51264e-15
1.51833e-15
1.524e-15
1.52964e-15
1.53528e-15
1.54089e-15
1.54648e-15
1.55206e-15
1.55761e-15
1.56315e-15
1.56867e-15
1.57417e-15
1.57965e-15
1.58512e-15
1.59057e-15
1.59599e-15
1.6014e-15
1.6068e-15
1.61217e-15
1.61753e-15
1.62286e-15
1.62818e-15
1.63349e-15
1.63877e-15
1.64404e-15
1.64929e-15
1.65452e-15
1.65974e-15
1.66493e-15
1.67011e-15
1.67528e-15
1.68042e-15
1.68555e-15
1.69066e-15
1.69575e-15
1.70083e-15
1.70589e-15
1.71093e-15
1.71596e-15
1.72097e-15
1.72596e-15
1.73094e-15
1.7359e-15
1.74084e-15
1.74576e-15
1.75067e-15
1.75557e-15
1.76044e-15
1.7653e-15
1.77015e-15
1.77497e-15
1.77978e-15
1.78458e-15
1.78936e-15
1.79412e-15
1.79887e-15
1.8036e-15
1.80831e-15
1.81301e-15
1.8177e-15
1.82236e-15
1.82702e-15
1.83165e-15
1.83627e-15
1.84088e-15
1.84547e-15
1.85004e-15
1.8546e-15
1.85914e-15
1.86367e-15
1.86818e-15
1.87268e-15
1.87716e-15
1.88163e-15
1.88608e-15
1.89052e-15
1.89494e-15
1.89934e-15
1.90374e-15
1.90811e-15
1.91248e-15
1.91682e-15
1.92116e-15
1.92547e-15
1.92978e-15
1.93406e-15
1.93834e-15
1.9426e-15
1.94684e-15
1.95107e-15
1.95529e-15
1.95949e-15
1.96368e-15
1.96785e-15
1.97201e-15
1.97616e-15
1.98029e-15
1.98441e-15
1.98851e-15
1.9926e-15
1.99667e-15
2.00073e-15
2.00478e-15
2.00881e-15
2.01283e-15
2.01684e-15
2.02083e-15
2.02481e-15
2.02878e-15
2.03273e-15
2.03666e-15
2.04059e-15
2.0445e-15
2.0484e-15
2.05228e-15
2.05615e-15
2.06001e-15
2.06385e-15
2.06769e-15
2.0715e-15
2.07531e-15
2.0791e-15
2.08288e-15
2.08664e-15
2.0904e-15
2.09414e-15
2.09786e-15
2.10158e-15
2.10528e-15
2.10897e-15
2.11264e-15
2.11631e-15
2.11996e-15
2.12359e-15
2.12722e-15
2.13083e-15
2.13443e-15
2.13802e-15
2.14159e-15
2.14516e-15
2.14871e-15
2.15225e-15
2.15577e-15
2.15928e-15
2.16279e-15
2.16627e-15
2.16975e-15
2.17322e-15
2.17667e-15
2.18011e-15
2.18354e-15
2.18696e-15
2.19036e-15
2.19375e-15
2.19714e-15
2.2005e-15
2.20386e-15
2.20721e-15
2.21054e-15
2.21386e-15
2.21718e-15
2.22047e-15
2.22376e-15
2.22704e-15
2.2303e-15
2.23356e-15
2.2368e-15
2.24003e-15
2.24325e-15
2.24645e-15
2.24965e-15
2.25284e-15
2.25601e-15
2.25917e-15
2.26232e-15
2.26546e-15
2.26859e-15
2.27171e-15
2.27482e-15
2.27791e-15
2.281e-15
2.28407e-15
2.28714e-15
2.29019e-15
2.29323e-15
2.29626e-15
2.29928e-15
2.30229e-15
2.30529e-15
2.30828e-15
2.31125e-15
2.31422e-15
2.31718e-15
2.32012e-15
2.32306e-15
2.32598e-15
2.32889e-15
2.3318e-15
2.33469e-15
2.33757e-15
2.34044e-15
2.34331e-15
2.34616e-15
2.349e-15
2.35183e-15
2.35465e-15
2.35746e-15
2.36026e-15
2.36305e-15
2.36583e-15
2.36861e-15
2.37137e-15
2.37412e-15
2.37686e-15
2.37959e-15
2.38231e-15
2.38502e-15
2.38772e-15
2.39041e-15
2.39309e-15
2.39576e-15
2.39843e-15
2.40108e-15
2.40372e-15
2.40635e-15
2.40898e-15
2.41159e-15
2.4142e-15
2.41679e-15
2.41937e-15
2.42195e-15
2.42452e-15
2.42707e-15
2.42962e-15
2.43216e-15
2.43469e-15
2.43721e-15
2.43972e-15
2.44222e-15
2.44471e-15
2.44719e-15
2.44967e-15
2.45213e-15
2.45459e-15
2.45703e-15
2.45947e-15
2.4619e-15
2.46432e-15
2.46673e-15
2.46913e-15
2.47152e-15
2.4739e-15
2.47628e-15
2.47864e-15
2.481e-15
2.48335e-15
2.48568e-15
2.48801e-15
2.49034e-15
2.49265e-15
2.49495e-15
2.49725e-15
2.49954e-15
2.50181e-15
2.50408e-15
2.50634e-15
2.5086e-15
2.51084e-15
2.51308e-15
2.5153e-15
2.51752e-15
2.51973e-15
2.52194e-15
2.52413e-15
2.52631e-15
2.52849e-15
2.53066e-15
2.53282e-15
2.53497e-15
2.53712e-15
2.53925e-15
2.54138e-15
2.5435e-15
2.54561e-15
2.54771e-15
2.54981e-15
2.5519e-15
2.55398e-15
2.55605e-15
2.55811e-15
2.56017e-15
2.56221e-15
2.56425e-15
2.56628e-15
2.56831e-15
2.57032e-15
2.57233e-15
2.57433e-15
2.57633e-15
2.57831e-15
2.58029e-15
2.58226e-15
2.58422e-15
2.58617e-15
2.58812e-15
2.59006e-15
2.59199e-15
2.59391e-15
2.59583e-15
2.59774e-15
2.59964e-15
2.60153e-15
2.60342e-15
2.6053e-15
2.60717e-15
2.60903e-15
2.61089e-15
2.61274e-15
2.61458e-15
2.61641e-15
2.61824e-15
2.62006e-15
2.62187e-15
2.62368e-15
2.62548e-15
2.62727e-15
2.62905e-15
2.63083e-15
2.6326e-15
2.63436e-15
2.63612e-15
2.63787e-15
2.63961e-15
2.64134e-15
2.64307e-15
2.64479e-15
2.6465e-15
2.64821e-15
2.64991e-15
2.6516e-15
2.65329e-15
2.65497e-15
2.65664e-15
2.6583e-15
2.65996e-15
2.66161e-15
2.66326e-15
2.6649e-15
2.66653e-15
2.66815e-15
2.66977e-15
2.67138e-15
2.67299e-15
2.67459e-15
2.67618e-15
2.67776e-15
2.67934e-15
2.68091e-15
2.68248e-15
2.68404e-15
2.68559e-15
2.68714e-15
2.68867e-15
2.69021e-15
2.69173e-15
2.69325e-15
2.69477e-15
2.69627e-15
2.69778e-15
2.69927e-15
2.70076e-15
2.70224e-15
2.70372e-15
2.70519e-15
2.70665e-15
2.70811e-15
2.70956e-15
2.711e-15
2.71244e-15
2.71387e-15
2.7153e-15
2.71672e-15
2.71813e-15
2.71954e-15
2.72094e-15
2.72234e-15
2.72373e-15
2.72511e-15
2.72649e-15
2.72786e-15
2.72922e-15
2.73058e-15
2.73194e-15
2.73329e-15
2.73463e-15
2.73596e-15
2.73729e-15
2.73862e-15
2.73994e-15
2.74125e-15
2.74256e-15
2.74386e-15
2.74515e-15
2.74644e-15
2.74773e-15
2.749e-15
2.75028e-15
2.75154e-15
2.7528e-15
2.75406e-15
2.75531e-15
2.75655e-15
2.75779e-15
2.75902e-15
2.76025e-15
2.76147e-15
2.76269e-15
2.7639e-15
2.76511e-15
2.7663e-15
2.7675e-15
2.76869e-15
2.76987e-15
2.77105e-15
2.77222e-15
2.77339e-15
2.77455e-15
2.77571e-15
2.77686e-15
2.778e-15
2.77914e-15
2.78028e-15
2.78141e-15
2.78253e-15
2.78365e-15
2.78476e-15
2.78587e-15
2.78697e-15
2.78807e-15
2.78916e-15
2.79025e-15
2.79133e-15
2.79241e-15
2.79348e-15
2.79455e-15
2.79561e-15
2.79667e-15
2.79772e-15
2.79877e-15
2.79981e-15
2.80084e-15
2.80187e-15
2.8029e-15
2.80392e-15
2.80494e-15
2.80595e-15
2.80696e-15
2.80796e-15
2.80895e-15
2.80994e-15
2.81093e-15
2.81191e-15
2.81289e-15
2.81386e-15
2.81483e-15
2.81579e-15
2.81675e-15
2.8177e-15
