%%MatrixMarket matrix coordinate real general
1728 1728 23786
1 1   0.7226986076986081
2 1  -0.4204545454545448
3 1 2.548209366391182e-16
4 1 -0.08969696969696936
5 1  -0.1228501228501227
6 1 -0.08969696969696936
7 1 1.377410468319559e-16
1 2  -0.4204545454545448
2 2    1.624791154791154
3 2 -1.383387082115775e-32
4 2 1.377410468319559e-16
7 2  -0.2690909090909085
8 2  -0.2690909090909085
9 2 -7.281406164712076e-34
10 2  -0.2457002457002459
11 2  -0.4204545454545448
12 2 1.377410468319559e-16
1 3 2.548209366391182e-16
2 3 -1.383387082115775e-32
3 3   0.8533456183456192
4 3 -0.08190008190008176
5 3  -0.2690909090909086
8 3 2.038567493112945e-16
9 3  -0.4204545454545449
10 3 -4.118071007097956e-33
13 3 -0.08190008190008166
1 4 -0.08969696969696936
2 4 1.377410468319559e-16
3 4 -0.08190008190008176
4 4   0.3117485667485672
8 4  -0.1401515151515148
1 5  -0.1228501228501227
3 5  -0.2690909090909086
5 5    1.624791154791155
6 5 2.548209366391182e-16
10 5  -0.8409090909090904
13 5 2.548209366391186e-16
14 5  -0.1228501228501226
15 5  -0.2690909090909086
1 6 -0.08969696969696936
5 6 2.548209366391182e-16
6 6   0.7226986076986081
7 6  -0.4204545454545447
15 6  -0.1228501228501227
17 6 -0.08969696969696947
18 6 1.377410468319559e-16
1 7 1.377410468319559e-16
2 7  -0.2690909090909085
6 7  -0.4204545454545447
7 7    1.624791154791154
12 7  -0.4204545454545447
16 7  -0.2457002457002459
18 7  -0.2690909090909089
19 7 1.377410468319559e-16
2 8  -0.2690909090909085
3 8 2.038567493112945e-16
4 8  -0.1401515151515148
8 8   0.6722440622440626
9 8  -0.1228501228501228
11 8 1.377410468319559e-16
20 8  -0.1401515151515148
2 9 -7.281406164712076e-34
3 9  -0.4204545454545449
8 9  -0.1228501228501228
9 9    1.624791154791155
10 9  -0.5381818181818178
11 9 -1.383387082115775e-32
13 9 2.038567493112948e-16
20 9 2.038567493112945e-16
21 9  -0.1228501228501226
22 9 -4.118071007097956e-33
23 9  -0.4204545454545449
2 10  -0.2457002457002459
3 10 -4.118071007097956e-33
5 10  -0.8409090909090904
9 10  -0.5381818181818178
10 10    3.249582309582309
13 10 -1.383387082115777e-32
16 10  -0.5381818181818178
21 10 -7.281406164712087e-34
22 10  -0.8409090909090904
24 10  -0.2457002457002457
2 11  -0.4204545454545448
8 11 1.377410468319559e-16
9 11 -1.383387082115775e-32
11 11    1.624791154791155
12 11  -0.2690909090909085
20 11  -0.2690909090909085
22 11  -0.2457002457002459
23 11 -7.281406164712076e-34
26 11  -0.4204545454545451
27 11 1.377410468319559e-16
2 12 1.377410468319559e-16
7 12  -0.4204545454545447
11 12  -0.2690909090909085
12 12    1.624791154791155
19 12  -0.2690909090909088
25 12  -0.2457002457002458
27 12   -0.420454545454545
28 12 1.377410468319558e-16
3 13 -0.08190008190008166
5 13 2.548209366391186e-16
9 13 2.038567493112948e-16
10 13 -1.383387082115777e-32
13 13   0.8533456183456199
14 13  -0.2690909090909089
21 13  -0.4204545454545455
24 13 -4.118071007097961e-33
29 13 -0.08190008190008155
5 14  -0.1228501228501226
13 14  -0.2690909090909089
14 14    1.624791154791157
15 14 2.548209366391186e-16
24 14  -0.8409090909090915
29 14 2.548209366391189e-16
30 14  -0.1228501228501224
31 14  -0.2690909090909089
5 15  -0.2690909090909086
6 15  -0.1228501228501227
14 15 2.548209366391186e-16
15 15    1.624791154791155
16 15  -0.8409090909090903
17 15 2.548209366391181e-16
31 15  -0.1228501228501225
33 15  -0.2690909090909088
7 16  -0.2457002457002459
10 16  -0.5381818181818178
15 16  -0.8409090909090903
16 16    3.249582309582309
25 16  -0.8409090909090903
32 16  -0.2457002457002456
34 16  -0.5381818181818182
6 17 -0.08969696969696947
15 17 2.548209366391181e-16
17 17   0.7226986076986082
18 17  -0.4204545454545449
33 17  -0.1228501228501228
36 17 -0.08969696969696934
37 17 1.37741046831956e-16
6 18 1.377410468319559e-16
7 18  -0.2690909090909089
17 18  -0.4204545454545449
18 18    1.624791154791155
19 18  -0.4204545454545449
34 18   -0.245700245700246
37 18  -0.2690909090909085
38 18 1.37741046831956e-16
7 19 1.377410468319559e-16
12 19  -0.2690909090909088
18 19  -0.4204545454545449
19 19    1.624791154791155
28 19   -0.420454545454545
35 19   -0.245700245700246
38 19  -0.2690909090909085
39 19 1.377410468319559e-16
8 20  -0.1401515151515148
9 20 2.038567493112945e-16
11 20  -0.2690909090909085
20 20   0.6722440622440626
23 20  -0.1228501228501228
26 20 1.377410468319559e-16
40 20  -0.1401515151515149
9 21  -0.1228501228501226
10 21 -7.281406164712087e-34
13 21  -0.4204545454545455
21 21    1.624791154791157
22 21 -1.383387082115777e-32
23 21 2.038567493112948e-16
24 21  -0.5381818181818185
29 21 2.038567493112951e-16
41 21  -0.1228501228501225
42 21 -4.118071007097961e-33
43 21  -0.4204545454545455
9 22 -4.118071007097956e-33
10 22  -0.8409090909090904
11 22  -0.2457002457002459
21 22 -1.383387082115777e-32
22 22    3.249582309582309
23 22  -0.5381818181818177
25 22  -0.5381818181818177
42 22  -0.2457002457002456
43 22 -7.281406164712087e-34
44 22  -0.8409090909090908
9 23  -0.4204545454545449
11 23 -7.281406164712076e-34
20 23  -0.1228501228501228
21 23 2.038567493112948e-16
22 23  -0.5381818181818177
23 23    1.624791154791156
26 23 -1.383387082115775e-32
40 23 2.038567493112944e-16
43 23  -0.1228501228501226
44 23 -4.118071007097955e-33
46 23  -0.4204545454545451
10 24  -0.2457002457002457
13 24 -4.118071007097961e-33
14 24  -0.8409090909090915
21 24  -0.5381818181818185
24 24    3.249582309582311
29 24 -1.383387082115779e-32
32 24  -0.5381818181818185
41 24 -7.281406164712094e-34
42 24  -0.8409090909090915
47 24  -0.2457002457002453
12 25  -0.2457002457002458
16 25  -0.8409090909090903
22 25  -0.5381818181818177
25 25    3.249582309582309
35 25  -0.5381818181818181
45 25  -0.8409090909090907
48 25  -0.2457002457002455
11 26  -0.4204545454545451
20 26 1.377410468319559e-16
23 26 -1.383387082115775e-32
26 26    1.624791154791154
27 26  -0.2690909090909086
40 26  -0.2690909090909086
44 26   -0.245700245700246
46 26 -7.281406164712074e-34
50 26  -0.4204545454545447
51 26 1.37741046831956e-16
11 27 1.377410468319559e-16
12 27   -0.420454545454545
26 27  -0.2690909090909086
27 27    1.624791154791155
28 27  -0.2690909090909088
45 27  -0.2457002457002459
51 27  -0.4204545454545446
52 27 1.377410468319559e-16
12 28 1.377410468319558e-16
19 28   -0.420454545454545
27 28  -0.2690909090909088
28 28    1.624791154791155
39 28  -0.2690909090909085
49 28   -0.245700245700246
52 28  -0.4204545454545447
53 28 1.37741046831956e-16
13 29 -0.08190008190008155
14 29 2.548209366391189e-16
21 29 2.038567493112951e-16
24 29 -1.383387082115779e-32
29 29   0.8533456183456203
30 29  -0.2690909090909091
41 29  -0.4204545454545457
47 29 -4.118071007097956e-33
54 29 -0.08190008190008166
14 30  -0.1228501228501224
29 30  -0.2690909090909091
30 30    1.624791154791157
31 30 2.548209366391189e-16
47 30  -0.8409090909090917
54 30 2.548209366391186e-16
55 30  -0.1228501228501226
56 30  -0.2690909090909091
14 31  -0.2690909090909089
15 31  -0.1228501228501225
30 31 2.548209366391189e-16
31 31    1.624791154791157
32 31  -0.8409090909090915
33 31 2.548209366391184e-16
56 31  -0.1228501228501224
58 31  -0.2690909090909092
16 32  -0.2457002457002456
24 32  -0.5381818181818185
31 32  -0.8409090909090915
32 32    3.249582309582311
48 32  -0.8409090909090915
57 32  -0.2457002457002452
59 32  -0.5381818181818189
15 33  -0.2690909090909088
17 33  -0.1228501228501228
31 33 2.548209366391184e-16
33 33    1.624791154791156
34 33  -0.8409090909090905
36 33 2.548209366391183e-16
58 33  -0.1228501228501226
61 33  -0.2690909090909085
16 34  -0.5381818181818182
18 34   -0.245700245700246
33 34  -0.8409090909090905
34 34    3.249582309582308
35 34  -0.8409090909090905
59 34  -0.2457002457002456
62 34  -0.5381818181818177
19 35   -0.245700245700246
25 35  -0.5381818181818181
34 35  -0.8409090909090905
35 35    3.249582309582308
49 35  -0.8409090909090908
60 35  -0.2457002457002456
63 35  -0.5381818181818175
17 36 -0.08969696969696934
33 36 2.548209366391183e-16
36 36   0.7226986076986082
37 36   -0.420454545454545
61 36  -0.1228501228501227
65 36 -0.08969696969696936
66 36 1.377410468319559e-16
17 37 1.37741046831956e-16
18 37  -0.2690909090909085
36 37   -0.420454545454545
37 37    1.624791154791155
38 37   -0.420454545454545
62 37   -0.245700245700246
66 37  -0.2690909090909085
67 37 1.377410468319559e-16
18 38 1.37741046831956e-16
19 38  -0.2690909090909085
37 38   -0.420454545454545
38 38    1.624791154791155
39 38  -0.4204545454545451
63 38   -0.245700245700246
67 38  -0.2690909090909085
68 38 1.377410468319559e-16
19 39 1.377410468319559e-16
28 39  -0.2690909090909085
38 39  -0.4204545454545451
39 39    1.624791154791154
53 39  -0.4204545454545449
64 39   -0.245700245700246
68 39  -0.2690909090909086
69 39 1.37741046831956e-16
20 40  -0.1401515151515149
23 40 2.038567493112944e-16
26 40  -0.2690909090909086
40 40   0.6722440622440626
46 40  -0.1228501228501228
50 40 1.37741046831956e-16
70 40  -0.1401515151515148
21 41  -0.1228501228501225
24 41 -7.281406164712094e-34
29 41  -0.4204545454545457
41 41    1.624791154791157
42 41 -1.383387082115779e-32
43 41 2.038567493112951e-16
47 41  -0.5381818181818185
54 41 2.038567493112948e-16
71 41  -0.1228501228501226
72 41 -4.118071007097956e-33
73 41  -0.4204545454545457
21 42 -4.118071007097961e-33
22 42  -0.2457002457002456
24 42  -0.8409090909090915
41 42 -1.383387082115779e-32
42 42    3.249582309582311
43 42  -0.5381818181818184
48 42  -0.5381818181818184
72 42  -0.2457002457002453
73 42 -7.281406164712094e-34
74 42  -0.8409090909090919
21 43  -0.4204545454545455
22 43 -7.281406164712087e-34
23 43  -0.1228501228501226
41 43 2.038567493112951e-16
42 43  -0.5381818181818184
43 43    1.624791154791157
44 43 -1.383387082115777e-32
46 43 2.038567493112948e-16
73 43  -0.1228501228501224
74 43 -4.11807100709796e-33
76 43  -0.4204545454545457
22 44  -0.8409090909090908
23 44 -4.118071007097955e-33
26 44   -0.245700245700246
43 44 -1.383387082115777e-32
44 44    3.249582309582308
45 44  -0.5381818181818179
46 44  -0.5381818181818179
74 44  -0.2457002457002457
76 44 -7.281406164712085e-34
77 44  -0.8409090909090902
25 45  -0.8409090909090907
27 45  -0.2457002457002459
44 45  -0.5381818181818179
45 45    3.249582309582308
49 45  -0.5381818181818182
75 45  -0.2457002457002456
78 45  -0.8409090909090902
23 46  -0.4204545454545451
26 46 -7.281406164712074e-34
40 46  -0.1228501228501228
43 46 2.038567493112948e-16
44 46  -0.5381818181818179
46 46    1.624791154791155
50 46 -1.383387082115775e-32
70 46 2.038567493112946e-16
76 46  -0.1228501228501226
77 46 -4.118071007097958e-33
80 46  -0.4204545454545447
24 47  -0.2457002457002453
29 47 -4.118071007097956e-33
30 47  -0.8409090909090917
41 47  -0.5381818181818185
47 47    3.249582309582311
54 47 -1.383387082115777e-32
57 47  -0.5381818181818185
71 47 -7.281406164712087e-34
72 47  -0.8409090909090917
81 47  -0.2457002457002457
25 48  -0.2457002457002455
32 48  -0.8409090909090915
42 48  -0.5381818181818184
48 48    3.249582309582311
60 48  -0.5381818181818188
75 48  -0.8409090909090917
82 48  -0.2457002457002452
28 49   -0.245700245700246
35 49  -0.8409090909090908
45 49  -0.5381818181818182
49 49    3.249582309582308
64 49  -0.5381818181818177
79 49  -0.8409090909090903
83 49  -0.2457002457002456
26 50  -0.4204545454545447
40 50 1.37741046831956e-16
46 50 -1.383387082115775e-32
50 50    1.624791267962578
51 50  -0.2690909090909087
70 50  -0.2690909090909087
77 50  -0.2457000226529206
78 50 6.459838652583318e-09
80 50 -7.281406164712078e-34
85 50  -0.4204359478109537
86 50 1.905621996194716e-05
87 50 8.078009215812005e-08
123 50 4.322588944586099e-06
124 50 1.846924625306463e-07
133 50 1.190317378264856e-05
134 50 2.785381627651683e-05
135 50 1.829447993012606e-06
184 50 6.03971612179594e-07
185 50 5.15153877687347e-08
197 50 3.405535632422618e-07
198 50 2.125025065473465e-09
26 51 1.37741046831956e-16
27 51  -0.4204545454545446
50 51  -0.2690909090909087
51 51    1.624791154791155
52 51  -0.2690909090909089
78 51   -0.245700245700246
86 51  -0.4204545454545446
87 51 1.377410468319559e-16
27 52 1.377410468319559e-16
28 52  -0.4204545454545447
51 52  -0.2690909090909089
52 52    1.624791154791155
53 52  -0.2690909090909086
79 52  -0.2457002457002461
87 52  -0.4204545454545447
88 52 1.37741046831956e-16
28 53 1.37741046831956e-16
39 53  -0.4204545454545449
52 53  -0.2690909090909086
53 53    1.624791154791155
69 53  -0.2690909090909087
84 53  -0.2457002457002461
88 53  -0.4204545454545449
89 53 1.37741046831956e-16
29 54 -0.08190008190008166
30 54 2.548209366391186e-16
41 54 2.038567493112948e-16
47 54 -1.383387082115777e-32
54 54   0.8533456183456195
55 54  -0.2690909090909087
71 54  -0.4204545454545451
81 54 -4.11807100709795e-33
90 54 -0.08190008190008176
30 55  -0.1228501228501226
54 55  -0.2690909090909087
55 55    1.624791154791155
56 55 2.548209366391186e-16
81 55  -0.8409090909090904
90 55 2.548209366391182e-16
91 55  -0.1228501228501227
92 55  -0.2690909090909087
30 56  -0.2690909090909091
31 56  -0.1228501228501224
55 56 2.548209366391186e-16
56 56    1.624791154791157
57 56  -0.8409090909090914
58 56 2.548209366391187e-16
92 56  -0.1228501228501225
94 56  -0.2690909090909093
32 57  -0.2457002457002452
47 57  -0.5381818181818185
56 57  -0.8409090909090914
57 57     3.24958230958231
82 57  -0.8409090909090914
93 57  -0.2457002457002456
95 57  -0.5381818181818189
31 58  -0.2690909090909092
33 58  -0.1228501228501226
56 58 2.548209366391187e-16
58 58    1.624791154791157
59 58  -0.8409090909090916
61 58 2.548209366391186e-16
94 58  -0.1228501228501224
97 58  -0.2690909090909089
32 59  -0.5381818181818189
34 59  -0.2457002457002456
58 59  -0.8409090909090916
59 59    3.249582309582312
60 59  -0.8409090909090916
95 59  -0.2457002457002453
98 59  -0.5381818181818184
35 60  -0.2457002457002456
48 60  -0.5381818181818188
59 60  -0.8409090909090916
60 60    3.249582309582312
83 60  -0.8409090909090919
96 60  -0.2457002457002453
99 60  -0.5381818181818183
33 61  -0.2690909090909085
36 61  -0.1228501228501227
58 61 2.548209366391186e-16
61 61    1.624791154791155
62 61  -0.8409090909090906
65 61 2.548209366391182e-16
97 61  -0.1228501228501226
101 61  -0.2690909090909086
34 62  -0.5381818181818177
37 62   -0.245700245700246
61 62  -0.8409090909090906
62 62    3.249582309582309
63 62  -0.8409090909090906
98 62  -0.2457002457002457
102 62  -0.5381818181818178
35 63  -0.5381818181818175
38 63   -0.245700245700246
62 63  -0.8409090909090906
63 63    3.249582309582309
64 63  -0.8409090909090911
99 63  -0.2457002457002457
103 63  -0.5381818181818177
39 64   -0.245700245700246
49 64  -0.5381818181818177
63 64  -0.8409090909090911
64 64    3.249582309582309
84 64  -0.8409090909090904
100 64  -0.2457002457002457
104 64  -0.5381818181818179
36 65 -0.08969696969696936
61 65 2.548209366391182e-16
65 65   0.7226986076986081
66 65  -0.4204545454545448
101 65  -0.1228501228501227
106 65 -0.08969696969696936
107 65 1.377410468319559e-16
36 66 1.377410468319559e-16
37 66  -0.2690909090909085
65 66  -0.4204545454545448
66 66    1.624791154791154
67 66  -0.4204545454545448
102 66  -0.2457002457002459
107 66  -0.2690909090909085
108 66 1.377410468319559e-16
37 67 1.377410468319559e-16
38 67  -0.2690909090909085
66 67  -0.4204545454545448
67 67    1.624791154791155
68 67  -0.4204545454545451
103 67  -0.2457002457002459
108 67  -0.2690909090909085
109 67 1.377410468319559e-16
38 68 1.377410468319559e-16
39 68  -0.2690909090909086
67 68  -0.4204545454545451
68 68    1.624791154791154
69 68  -0.4204545454545447
104 68   -0.245700245700246
109 68  -0.2690909090909086
110 68 1.37741046831956e-16
39 69 1.37741046831956e-16
53 69  -0.2690909090909087
68 69  -0.4204545454545447
69 69     1.62479121048225
89 69  -0.4204540305439572
105 69  -0.2456999660781477
110 69  -0.2690909002662036
111 69 2.293946278410733e-05
132 69 8.465284885042783e-08
137 69 5.703518401879339e-07
138 69 2.333266800017701e-05
159 69 8.981554159954604e-08
160 69 8.516998395782643e-06
166 69 4.046871833648168e-07
167 69 6.523672322013625e-06
188 69 3.528947035315971e-07
195 69 1.681124933625818e-06
201 69 4.007876551324738e-07
202 69 3.316578574356251e-08
40 70  -0.1401515151515148
46 70 2.038567493112946e-16
50 70  -0.2690909090909087
70 70   0.6722440622440627
80 70  -0.1228501228501228
85 70 1.37741046831956e-16
112 70  -0.1401515151515148
41 71  -0.1228501228501226
47 71 -7.281406164712087e-34
54 71  -0.4204545454545451
71 71    1.624791154791155
72 71 -1.383387082115777e-32
73 71 2.038567493112948e-16
81 71  -0.5381818181818178
90 71 2.038567493112945e-16
113 71  -0.1228501228501228
114 71 -4.11807100709795e-33
115 71  -0.4204545454545451
41 72 -4.118071007097956e-33
42 72  -0.2457002457002453
47 72  -0.8409090909090917
71 72 -1.383387082115777e-32
72 72    3.249582309582312
73 72  -0.5381818181818184
82 72  -0.5381818181818184
114 72  -0.2457002457002456
115 72 -7.281406164712087e-34
116 72  -0.8409090909090919
41 73  -0.4204545454545457
42 73 -7.281406164712094e-34
43 73  -0.1228501228501224
71 73 2.038567493112948e-16
72 73  -0.5381818181818184
73 73    1.624791154791157
74 73 -1.383387082115778e-32
76 73 2.03856749311295e-16
115 73  -0.1228501228501226
116 73 -4.118071007097955e-33
118 73  -0.4204545454545459
42 74  -0.8409090909090919
43 74 -4.11807100709796e-33
44 74  -0.2457002457002457
73 74 -1.383387082115778e-32
74 74    3.249582309582312
75 74  -0.5381818181818185
76 74  -0.5381818181818185
116 74  -0.2457002457002453
118 74 -7.281406164712094e-34
119 74  -0.8409090909090914
45 75  -0.2457002457002456
48 75  -0.8409090909090917
74 75  -0.5381818181818185
75 75     3.24958230958231
83 75  -0.5381818181818189
117 75  -0.2457002457002452
120 75  -0.8409090909090913
43 76  -0.4204545454545457
44 76 -7.281406164712085e-34
46 76  -0.1228501228501226
73 76 2.03856749311295e-16
74 76  -0.5381818181818185
76 76    1.624791154791157
77 76 -1.383387082115778e-32
80 76 2.038567493112949e-16
118 76  -0.1228501228501225
119 76 -4.118071007097963e-33
122 76  -0.4204545454545454
44 77  -0.8409090909090902
46 77 -4.118071007097958e-33
50 77  -0.2457000226529206
76 77 -1.383387082115778e-32
77 77     3.24958485047685
78 77  -0.5381807774053402
80 77   -0.538181818181818
85 77 7.167734556352472e-05
86 77 0.000250696944194181
87 77 1.15038270457183e-05
119 77  -0.2457002457002457
122 77 -7.28140616471209e-34
123 77  -0.8408518273272276
124 77 2.98370823243236e-05
133 77 4.400727765889638e-05
134 77 0.0002878305758817605
135 77 6.211130308437631e-05
184 77 1.365590960999548e-05
185 77 1.337371475528791e-05
197 77 3.116937542561174e-06
198 77 6.877808021229344e-07
45 78  -0.8409090909090902
50 78 6.459838652583319e-09
51 78   -0.245700245700246
77 78  -0.5381807774053402
78 78    3.249598851816764
79 78  -0.5381818181818184
85 78 1.190514474132376e-05
86 78 0.0003010441125765052
87 78 0.0002383587628751317
88 78 7.139366623527055e-08
120 78  -0.2456999413879429
121 78 5.783761183556565e-08
123 78 9.413843806942026e-05
124 78  -0.8400979930571361
125 78 0.0004721563814139538
126 78 6.693941664092263e-07
133 78 6.16954400520166e-06
134 78 0.000439233195759942
135 78 0.0005131026175914221
136 78 2.270439862362863e-05
180 78 8.083468721771432e-06
181 78 1.52278585001829e-07
184 78 1.192597503193672e-05
185 78 0.0005063862633176391
186 78 0.0004241749549531161
187 78 1.313901328331963e-05
197 78 1.558139396256455e-06
198 78 1.530523417809106e-05
257 78 7.295288356215796e-07
258 78 1.11735368061744e-07
264 78 1.062792634902782e-06
265 78 2.545447795808918e-08
49 79  -0.8409090909090903
52 79  -0.2457002457002461
78 79  -0.5381818181818184
79 79    3.249582309582308
84 79  -0.5381818181818178
121 79  -0.2457002457002457
125 79  -0.8409090909090903
46 80  -0.4204545454545447
50 80 -7.281406164712078e-34
70 80  -0.1228501228501228
76 80 2.038567493112949e-16
77 80   -0.538181818181818
80 80    1.624791154791155
85 80 -1.383387082115775e-32
112 80 2.038567493112946e-16
122 80  -0.1228501228501227
123 80 -4.118071007097958e-33
127 80  -0.4204545454545447
47 81  -0.2457002457002457
54 81 -4.11807100709795e-33
55 81  -0.8409090909090904
71 81  -0.5381818181818178
81 81    3.249582309582308
90 81 -1.383387082115775e-32
93 81  -0.5381818181818178
113 81 -7.281406164712076e-34
114 81  -0.8409090909090904
128 81  -0.2457002457002459
48 82  -0.2457002457002452
57 82  -0.8409090909090914
72 82  -0.5381818181818184
82 82     3.24958230958231
96 82  -0.5381818181818188
117 82  -0.8409090909090917
129 82  -0.2457002457002455
49 83  -0.2457002457002456
60 83  -0.8409090909090919
75 83  -0.5381818181818189
83 83    3.249582309582312
100 83  -0.5381818181818183
121 83  -0.8409090909090912
130 83  -0.2457002457002453
53 84  -0.2457002457002461
64 84  -0.8409090909090904
79 84  -0.5381818181818178
84 84    3.249582309582308
105 84   -0.538181818181818
126 84  -0.8409090909090904
131 84  -0.2457002457002458
50 85  -0.4204359478109537
70 85 1.37741046831956e-16
77 85 7.167734556352472e-05
78 85 1.190514474132376e-05
80 85 -1.383387082115775e-32
85 85    1.628467779230504
86 85  -0.2627198801336456
87 85 0.0001280954566244836
112 85  -0.2690909090909087
123 85  -0.2443132181847757
124 85 0.0003289939171872286
127 85 -7.281406164712078e-34
133 85  -0.4181278623065384
134 85 0.008066856279766691
135 85 0.001088644675826707
184 85 0.000279774659610686
185 85 0.0001298115226842429
197 85 9.532189163683285e-05
198 85 6.858242259053489e-06
50 86 1.905621996194716e-05
51 86  -0.4204545454545446
77 86 0.0002506969441941809
78 86 0.0003010441125765052
85 86  -0.2627198801336456
86 86    1.656174191401415
87 86  -0.2646583020103666
123 86 0.008213759394787593
124 86  -0.2340103414195001
125 86 0.0003969021507614605
133 86 0.003859278736361659
134 86  -0.3828021346739143
135 86  0.01280081564674215
184 86 0.001643830370533359
185 86 0.006312555725162297
186 86 0.0002183472149312383
197 86 0.0003214735999907499
198 86 0.0002493236767417234
50 87 8.078009215812005e-08
51 87 1.377410468319559e-16
52 87  -0.4204545454545447
77 87 1.15038270457183e-05
78 87 0.0002383587628751317
85 87 0.0001280954566244836
86 87  -0.2646583020103666
87 87    1.629017766174614
88 87  -0.2690907934208279
120 87 3.203424014938502e-07
121 87 4.949161761248492e-08
123 87 0.001391736499503061
124 87  0.01273109325298397
125 87  -0.2416040564198676
126 87 6.040819398966028e-07
133 87 6.623779608412512e-05
134 87 0.006998518021866154
135 87  -0.4117853347893602
136 87 9.340220403021938e-05
180 87 1.090352409977074e-05
181 87 1.303047145326016e-07
184 87 0.0001393130303384989
185 87 0.007894703204486087
186 87 0.003138252965816742
187 87 1.765737816329629e-05
197 87 1.778197274002355e-05
198 87 0.0002309849942952382
257 87 6.956564544294801e-07
258 87 9.561190260801178e-08
264 87 1.524455611864741e-06
265 87 2.178138497849433e-08
52 88 1.37741046831956e-16
53 88  -0.4204545454545449
78 88 7.139366623527055e-08
87 88  -0.2690907934208279
88 88    1.624791157762389
89 88  -0.2690909090909087
120 88 1.515097631255808e-08
121 88 3.043610198058871e-09
124 88 2.637548173934276e-06
125 88 6.501588526284206e-06
126 88  -0.2457002109248145
135 88 1.772470066025988e-07
136 88  -0.4204540758563004
137 88 1.37741046831956e-16
180 88 3.679876127581119e-07
181 88 8.013412717925177e-09
185 88 1.569314999366847e-06
186 88 6.810076796187958e-06
187 88 5.990751626816211e-07
198 88 4.117523026684699e-08
257 88 3.736237117456355e-08
258 88 5.879891906385099e-09
264 88 4.70735220010476e-08
265 88 1.33950047798939e-09
53 89 1.37741046831956e-16
69 89  -0.4204540305439572
88 89  -0.2690909090909087
89 89    1.626157609334649
105 89 0.0001163899640695054
110 89 5.201427200843279e-08
111 89  -0.2639892574834547
132 89  -0.2438450444702252
137 89  -0.4198046438185191
138 89  0.00781350461832353
159 89 1.262680524335928e-06
160 89 0.003803426851413417
166 89 5.879241889812107e-06
167 89 0.0006991093522917838
188 89 0.0009681870028283916
194 89 4.581327828517519e-07
195 89 0.002002378679139255
201 89 0.0001176507051138233
202 89 5.688643395904442e-07
224 89 9.681552849687336e-09
54 90 -0.08190008190008176
55 90 2.548209366391182e-16
71 90 2.038567493112945e-16
81 90 -1.383387082115775e-32
90 90   0.8533456183456192
91 90  -0.2690909090909086
113 90  -0.4204545454545449
128 90 -4.118071007097956e-33
139 90 -0.08190008190008166
55 91  -0.1228501228501227
90 91  -0.2690909090909086
91 91    1.624791154791155
92 91 2.548209366391182e-16
128 91  -0.8409090909090904
139 91 2.548209366391186e-16
140 91  -0.1228501228501226
141 91  -0.2690909090909086
55 92  -0.2690909090909087
56 92  -0.1228501228501225
91 92 2.548209366391182e-16
92 92    1.624791154791156
93 92  -0.8409090909090904
94 92 2.548209366391184e-16
141 92  -0.1228501228501227
143 92  -0.2690909090909089
57 93  -0.2457002457002456
81 93  -0.5381818181818178
92 93  -0.8409090909090904
93 93    3.249582309582308
129 93  -0.8409090909090904
142 93  -0.2457002457002459
144 93  -0.5381818181818182
56 94  -0.2690909090909093
58 94  -0.1228501228501224
92 94 2.548209366391184e-16
94 94    1.624791154791157
95 94  -0.8409090909090917
97 94 2.54820936639119e-16
143 94  -0.1228501228501226
146 94   -0.269090909090909
57 95  -0.5381818181818189
59 95  -0.2457002457002453
94 95  -0.8409090909090917
95 95    3.249582309582311
96 95  -0.8409090909090917
144 95  -0.2457002457002456
147 95  -0.5381818181818184
60 96  -0.2457002457002453
82 96  -0.5381818181818188
95 96  -0.8409090909090917
96 96    3.249582309582312
130 96  -0.8409090909090919
145 96  -0.2457002457002456
148 96  -0.5381818181818183
58 97  -0.2690909090909089
61 97  -0.1228501228501226
94 97 2.54820936639119e-16
97 97    1.624791154791157
98 97  -0.8409090909090917
101 97 2.548209366391186e-16
146 97  -0.1228501228501224
150 97  -0.2690909090909089
59 98  -0.5381818181818184
62 98  -0.2457002457002457
97 98  -0.8409090909090917
98 98    3.249582309582312
99 98  -0.8409090909090917
147 98  -0.2457002457002454
151 98  -0.5381818181818185
60 99  -0.5381818181818183
63 99  -0.2457002457002457
98 99  -0.8409090909090917
99 99    3.249582309582312
100 99  -0.8409090909090922
148 99  -0.2457002457002453
152 99  -0.5381818181818184
64 100  -0.2457002457002457
83 100  -0.5381818181818183
99 100  -0.8409090909090922
100 100    3.249582309582312
131 100  -0.8409090909090916
149 100  -0.2457002457002454
153 100  -0.5381818181818185
61 101  -0.2690909090909086
65 101  -0.1228501228501227
97 101 2.548209366391186e-16
101 101    1.624791154791155
102 101  -0.8409090909090904
106 101 2.548209366391182e-16
150 101  -0.1228501228501226
155 101  -0.2690909090909086
62 102  -0.5381818181818178
66 102  -0.2457002457002459
101 102  -0.8409090909090904
102 102    3.249582309582309
103 102  -0.8409090909090904
151 102  -0.2457002457002457
156 102  -0.5381818181818178
63 103  -0.5381818181818177
67 103  -0.2457002457002459
102 103  -0.8409090909090904
103 103    3.249582309582309
104 103  -0.8409090909090908
152 103  -0.2457002457002456
157 103  -0.5381818181818177
64 104  -0.5381818181818179
68 104   -0.245700245700246
103 104  -0.8409090909090908
104 104    3.249582309582308
105 104  -0.8409090909090902
153 104  -0.2457002457002457
158 104  -0.5381818181818179
69 105  -0.2456999660781477
84 105   -0.538181818181818
89 105 0.0001163899640695054
104 105  -0.8409090909090902
105 105    3.249601230072664
110 105 4.411692250821621e-08
111 105 0.0006559341757546739
132 105  -0.8404075936703508
137 105 7.003002913884489e-05
138 105 0.001015904856494388
154 105  -0.2456997348411827
159 105  -0.5381812406470484
160 105 0.0007327430056849987
166 105 2.605293424408177e-06
167 105 9.634958671587633e-05
188 105 0.0002910100344398479
194 105 2.349250686675883e-05
195 105 0.0005611343209249227
201 105 1.912049566535243e-05
202 105 2.428445157035569e-07
224 105 4.430240485171042e-06
260 105 2.593343266038918e-06
267 105 9.69283028214574e-07
274 105 7.025404493411555e-08
65 106 -0.08969696969696936
101 106 2.548209366391182e-16
106 106   0.7226986076986081
107 106  -0.4204545454545447
155 106  -0.1228501228501226
161 106 -0.08969696969696947
162 106 1.377410468319558e-16
65 107 1.377410468319559e-16
66 107  -0.2690909090909085
106 107  -0.4204545454545447
107 107    1.624791154791154
108 107  -0.4204545454545447
156 107  -0.2457002457002458
162 107  -0.2690909090909089
163 107 1.377410468319558e-16
66 108 1.377410468319559e-16
67 108  -0.2690909090909085
107 108  -0.4204545454545447
108 108    1.624791154791154
109 108  -0.4204545454545449
157 108  -0.2457002457002458
163 108  -0.2690909090909089
164 108 1.377410468319558e-16
67 109 1.377410468319559e-16
68 109  -0.2690909090909086
108 109  -0.4204545454545449
109 109    1.624791154791155
110 109  -0.4204545454545446
158 109  -0.2457002457002458
164 109  -0.2690909090909089
165 109 1.377410468319559e-16
68 110 1.37741046831956e-16
69 110  -0.2690909002662036
89 110 5.201427200843279e-08
105 110 4.411692250821621e-08
109 110  -0.4204545454545446
110 110    1.624791165977922
111 110  -0.4204470660745899
132 110 2.191364377569873e-09
137 110 6.083897708601669e-08
138 110 7.301974682763616e-06
159 110    -0.24570020730672
160 110 2.578392679964069e-06
165 110  -0.2690909090909089
166 110 2.103519261456785e-07
167 110 2.536554551347539e-06
188 110 4.630828688578608e-08
195 110 3.766536989328424e-07
201 110 8.323471160626018e-08
202 110 1.92872096332068e-08
69 111 2.293946278410733e-05
89 111  -0.2639892574834547
105 111 0.0006559341757546738
110 111  -0.4204470660745899
111 111     1.65772055708537
132 111 0.009732568754921329
137 111 0.002842419415372405
138 111  -0.3764623336877239
154 111 1.160591301326834e-06
159 111 5.31798478559741e-05
160 111  -0.2237053713750795
166 111  -0.2688363949971301
167 111 0.006376355494278903
188 111 0.005442451724888387
194 111 9.844456979702791e-05
195 111  0.01146550624138974
201 111 0.0007148394088131407
202 111 2.320841005485925e-05
224 111 1.351151808560372e-05
260 111 5.933410279921007e-06
267 111 2.645638782573631e-06
274 111 8.911038846648431e-08
70 112  -0.1401515151515148
80 112 2.038567493112946e-16
85 112  -0.2690909090909087
112 112   0.6722440622440627
127 112  -0.1228501228501228
133 112 1.37741046831956e-16
168 112  -0.1401515151515148
71 113  -0.1228501228501228
81 113 -7.281406164712076e-34
90 113  -0.4204545454545449
113 113    1.624791154791155
114 113 -1.383387082115775e-32
115 113 2.038567493112945e-16
128 113  -0.5381818181818178
139 113 2.038567493112948e-16
169 113  -0.1228501228501226
170 113 -4.118071007097956e-33
171 113  -0.4204545454545449
71 114 -4.11807100709795e-33
72 114  -0.2457002457002456
81 114  -0.8409090909090904
113 114 -1.383387082115775e-32
114 114    3.249582309582308
115 114  -0.5381818181818178
129 114  -0.5381818181818178
170 114  -0.2457002457002459
171 114 -7.281406164712076e-34
172 114  -0.8409090909090909
71 115  -0.4204545454545451
72 115 -7.281406164712087e-34
73 115  -0.1228501228501226
113 115 2.038567493112945e-16
114 115  -0.5381818181818178
115 115    1.624791154791155
116 115 -1.383387082115777e-32
118 115 2.038567493112948e-16
171 115  -0.1228501228501228
172 115 -4.118071007097948e-33
174 115  -0.4204545454545453
72 116  -0.8409090909090919
73 116 -4.118071007097955e-33
74 116  -0.2457002457002453
115 116 -1.383387082115777e-32
116 116     3.24958230958231
117 116  -0.5381818181818185
118 116  -0.5381818181818185
172 116  -0.2457002457002457
174 116 -7.281406164712085e-34
175 116  -0.8409090909090915
75 117  -0.2457002457002452
82 117  -0.8409090909090917
116 117  -0.5381818181818185
117 117     3.24958230958231
130 117  -0.5381818181818188
173 117  -0.2457002457002456
176 117  -0.8409090909090913
73 118  -0.4204545454545459
74 118 -7.281406164712094e-34
76 118  -0.1228501228501225
115 118 2.038567493112948e-16
116 118  -0.5381818181818185
118 118    1.624791154791157
119 118 -1.383387082115779e-32
122 118 2.038567493112951e-16
174 118  -0.1228501228501226
175 118 -4.118071007097958e-33
178 118  -0.4204545454545456
74 119  -0.8409090909090914
76 119 -4.118071007097963e-33
77 119  -0.2457002457002457
118 119 -1.383387082115779e-32
119 119    3.249582309582312
120 119  -0.5381818181818186
122 119  -0.5381818181818186
175 119  -0.2457002457002454
178 119 -7.281406164712099e-34
179 119  -0.8409090909090914
75 120  -0.8409090909090913
78 120  -0.2456999413879429
87 120 3.203424014938502e-07
88 120 1.515097631255808e-08
119 120  -0.5381818181818186
120 120    3.249583592909245
121 120  -0.5381808195554521
124 120 3.590094648450095e-05
125 120 0.0001863744716024446
126 120 1.127165089771857e-05
135 120 2.829711227596453e-07
136 120 2.642788587999768e-06
176 120  -0.2457002457002453
180 120  -0.8408782783222167
181 120 1.442012649193776e-05
185 120 1.85570219299254e-05
186 120 0.0001959936008692217
187 120 4.820406743599985e-05
198 120 1.502218626709214e-07
257 120 6.225241170778802e-06
258 120 7.209584612250406e-06
264 120 1.747676721616703e-06
265 120 6.883670191843682e-07
78 121 5.783761183556565e-08
79 121  -0.2457002457002457
83 121  -0.8409090909090912
87 121 4.949161761248491e-08
88 121 3.043610198058871e-09
120 121  -0.5381808195554521
121 121    3.249604162217269
124 121 1.810457857412199e-05
125 121 0.0003914795206150797
126 121 0.0004115242540590373
131 121  -0.5381811687234662
132 121 6.762972821579416e-06
135 121 2.260852813017124e-08
136 121 6.275027408793448e-07
177 121   -0.245699852661587
180 121 8.551590636663083e-05
181 121  -0.8398053320221378
182 121 0.0005607926039498139
185 121 8.066613932433481e-06
186 121 0.0005604268312225491
187 121 0.0008206313681853985
188 121 5.138811345422464e-05
194 121 3.711096778665181e-07
198 121 2.688308948231369e-08
252 121 3.54710531335506e-07
253 121 6.190015811123063e-06
257 121 9.169805861045148e-06
258 121 0.0006832850004006305
259 121 0.0004496359208129792
260 121 6.825577018568078e-07
264 121 1.432536651372679e-06
265 121 2.106878985293705e-05
266 121 4.436900189052943e-07
348 121 9.707717476739422e-07
355 121 9.796963343320316e-07
76 122  -0.4204545454545454
77 122 -7.28140616471209e-34
80 122  -0.1228501228501227
118 122 2.038567493112951e-16
119 122  -0.5381818181818186
122 122    1.624791154791157
123 122 -1.383387082115778e-32
127 122 2.038567493112949e-16
178 122  -0.1228501228501225
179 122 -4.118071007097963e-33
183 122  -0.4204545454545454
50 123  4.3225889445861e-06
77 123  -0.8408518273272276
78 123 9.413843806942026e-05
80 123 -4.118071007097958e-33
85 123  -0.2443132181847757
86 123 0.008213759394787591
87 123 0.001391736499503061
122 123 -1.383387082115778e-32
123 123    3.251878731163822
124 123  -0.5345361952401766
125 123 7.244271313146811e-05
127 123   -0.538181818181818
133 123 0.0008311383940975497
134 123  0.01000803137969224
135 123 0.003722945661237309
179 123  -0.2457002457002457
183 123 -7.28140616471209e-34
184 123   -0.840479484730936
185 123 0.001979615385757312
186 123 3.567364710855372e-05
197 123 7.642867331108749e-05
198 123 7.929593556548251e-05
50 124 1.846924625306463e-07
77 124 2.98370823243236e-05
78 124  -0.8400979930571361
85 124 0.0003289939171872286
86 124  -0.2340103414195001
87 124  0.01273109325298396
88 124 2.637548173934276e-06
120 124 3.590094648450095e-05
121 124 1.810457857412199e-05
123 124  -0.5345361952401766
124 124    3.292044055761731
125 124  -0.5136420917138814
126 124 0.0001978610371019649
133 124 0.0001696334338204432
134 124  0.01875606277156314
135 124   0.0265731333482164
136 124 0.0009046959490847383
180 124  -0.2448868249776624
181 124 0.0002013838502996056
184 124 0.0003615768572830772
185 124  -0.8143307493681534
186 124    0.021746659800028
187 124  0.00128406261473686
197 124 4.611762707577104e-05
198 124 0.0007681772623976221
257 124 0.0001388355347904402
258 124 9.938834761650038e-05
264 124 6.959706355664984e-05
265 124 1.123319876953949e-05
78 125 0.0004721563814139538
79 125  -0.8409090909090903
86 125 0.0003969021507614605
87 125  -0.2416040564198676
88 125 6.501588526284206e-06
120 125 0.0001863744716024446
121 125 0.0003914795206150797
123 125 7.244271313146811e-05
124 125  -0.5136420917138814
125 125    3.306659286241708
126 125  -0.5318235882669208
131 125 2.929632644651041e-07
132 125 3.021218693430858e-06
134 125 0.001284857778102346
135 125 0.009524341113846438
136 125 0.001731749670473709
180 125 0.007140087721753762
181 125  -0.2334741071706134
182 125 0.001434721612153219
185 125   0.0155048150932317
186 125  -0.7806239472156637
187 125  0.01634612217025383
188 125 6.870140528281942e-05
194 125 2.852575881585146e-08
198 125 0.0004060330757761601
257 125 0.001086498767251299
258 125 0.006563326724087493
259 125 0.0009553156180366749
260 125 9.434902948528846e-08
264 125 0.0003037898051831135
265 125 0.0003403104185786478
266 125 1.700373579807795e-07
78 126 6.693941664092262e-07
84 126  -0.8409090909090904
87 126 6.040819398966028e-07
88 126  -0.2457002109248145
120 126 1.127165089771857e-05
121 126 0.0004115242540590373
124 126 0.0001978610371019649
125 126  -0.5318235882669208
126 126    3.263278170790437
131 126 0.0002205411655845957
132 126  -0.5321525167209846
135 126 3.472577454758492e-07
136 126 7.010517854999921e-06
154 126 1.432173725641742e-05
160 126 0.0001799596392827414
177 126 2.283359766195525e-07
180 126 0.001342787647308477
181 126   0.0203962676326725
182 126  -0.2255036292715375
185 126 8.717313341175665e-05
186 126 0.009743857300180519
187 126  -0.8168445536904796
188 126   0.0117554496171021
194 126 0.003109848745084228
195 126 0.000861634408816677
198 126 3.157165253873023e-07
224 126 2.728546470416477e-07
252 126 2.195199118484949e-07
253 126 3.951518925802852e-06
257 126 0.0001121568788380707
258 126  0.01078222289244807
259 126   0.0126046581216305
260 126 0.001492299212744314
264 126 1.63666322943226e-05
265 126 0.0004206791333017824
266 126 0.000209762564358019
267 126 1.070308228742054e-05
274 126 1.085988475867646e-08
348 126 4.590456053501435e-07
355 126 7.294091738405278e-07
80 127  -0.4204545454545447
85 127 -7.281406164712078e-34
112 127  -0.1228501228501228
122 127 2.038567493112949e-16
123 127   -0.538181818181818
127 127    1.624791154791155
133 127 -1.383387082115775e-32
168 127 2.038567493112946e-16
183 127  -0.1228501228501227
184 127 -4.118071007097958e-33
189 127  -0.4204545454545447
81 128  -0.2457002457002459
90 128 -4.118071007097956e-33
91 128  -0.8409090909090904
113 128  -0.5381818181818178
128 128    3.249582309582309
139 128 -1.383387082115777e-32
142 128  -0.5381818181818178
169 128 -7.281406164712087e-34
170 128  -0.8409090909090904
190 128  -0.2457002457002457
82 129  -0.2457002457002455
93 129  -0.8409090909090904
114 129  -0.5381818181818178
129 129    3.249582309582308
145 129  -0.5381818181818181
173 129  -0.8409090909090906
191 129  -0.2457002457002458
83 130  -0.2457002457002453
96 130  -0.8409090909090919
117 130  -0.5381818181818188
130 130    3.249582309582311
149 130  -0.5381818181818183
177 130  -0.8409090909090913
192 130  -0.2457002457002456
84 131  -0.2457002457002458
100 131  -0.8409090909090916
121 131  -0.5381811687234662
125 131 2.929632644651041e-07
126 131 0.0002205411655845956
131 131    3.249593093314251
132 131 0.0003488547977797574
154 131  -0.5381811824494011
160 131 7.041826556790141e-06
181 131 6.272878347970653e-05
182 131  -0.8404142329655208
186 131 2.792276603330775e-07
187 131 0.0003254204046346256
188 131 0.0005927652761377423
193 131  -0.2457002457002455
194 131 0.0001972341609348939
195 131 5.322179273497953e-05
258 131 1.027193667605066e-05
259 131 0.0002615635988622919
260 131 8.802940446507609e-05
265 131 9.514513311613637e-07
266 131 1.070633695802391e-05
267 131 4.111344197352237e-07
69 132 8.465284885042782e-08
89 132  -0.2438450444702252
105 132  -0.8404075936703508
110 132 2.191364377569873e-09
111 132 0.009732568754921327
121 132 6.762972821579416e-06
125 132 3.021218693430858e-06
126 132  -0.5321525167209846
131 132 0.0003488547977797574
132 132    3.305439248623927
137 132 0.001357328846454833
138 132  0.02063715281875339
154 132 0.0005936789408634385
159 132 2.925164764507074e-07
160 132  -0.4986996432337908
