%%MatrixMarket matrix coordinate real general
144000 144000 1530
50461 50461  0.03665165618156752
50462 50461   0.0183258280907838
50481 50461  0.00342085193111994
50482 50461 0.007868482179962635
50483 50461 0.005131325949577649
51921 50461  0.02508258548066857
51922 50461 0.006510862723001087
51923 50461 0.006963764869788811
50461 50462   0.0183258280907838
50462 50462  0.07330331236313509
50463 50462  0.01246160416342382
50464 50462 0.005864223927359985
50481 50462 0.001710425965559974
50482 50462 0.003934241089981327
50483 50462  0.02052530379831056
50484 50462  0.00513132594957765
51921 50462  0.01254129274033432
51922 50462  0.02506346548352315
51923 50462  0.02785505947915519
51924 50462  0.01319463176179527
50462 50463  0.01246160416342383
50463 50463   0.0338956727578365
50464 50463  0.01619997485215897
50465 50463  0.01221236823322086
50483 50463 0.003489313143197046
50484 50463  0.01395725164430929
50485 50463 0.003489312678957617
51922 50463 0.004237003447730506
51923 50463 0.004735375714787316
51924 50463  0.03588951426259145
51925 50463 0.008972377968777956
50462 50464 0.005864223927359985
50463 50464  0.01619997485215897
50464 50464 0.007770046434168864
50465 50464 0.007183695109262581
50466 50464 0.000366519878402137
50483 50464 0.001642012806380606
50484 50464 0.006670678208940111
50485 50464 0.002052522323911687
50487 50464 0.0001026274476527893
51922 50464 0.001993863444275969
51923 50464 0.002228389155001498
51924 50464  0.01715290422656571
51925 50464 0.005277831989820893
51926 50464 0.0001319487987072652
51927 50464 0.0001319462244773236
50463 50465  0.01221236823322086
50464 50465 0.007183695109262582
50465 50465  0.07040047557382939
50466 50465  0.01795931065056123
50484 50465 0.005028697846530424
50485 50465  0.02011479406231611
50487 50465 0.005028699184627655
51924 50465  0.01293073505333707
51925 50465  0.05172294709488341
51926 50465 0.006465432315112135
51927 50465 0.006465306178992566
50464 50466 0.000366519878402137
50465 50466  0.01795931065056123
50466 50466  0.07330331236313503
50467 50466  0.01282812228633035
50468 50466 0.005497703366273914
50485 50466 0.005131326632280442
50487 50466  0.02052530379831055
50488 50466 0.005131325266874862
51925 50466  0.01319463351728928
51926 50466  0.02638952094425527
51927 50466  0.02638900610292572
51928 50466  0.01319463000630128
50466 50467  0.01282812228633035
50467 50467  0.03591886652477445
50468 50467  0.01590675208696667
50469 50467  0.01231499281991053
50487 50467 0.003591940099302051
50488 50467  0.01436776039720818
50489 50467 0.003591940099302054
51926 50467 0.004618181509637095
51927 50467 0.004618091412105067
51928 50467  0.03694509168696857
51929 50467 0.009236272921742164
50466 50468 0.005497703366273914
50467 50468  0.01590675208696667
50468 50468 0.007162676098316546
50469 50468  0.00829372677545488
50470 50468 0.000834012471222615
50471 50468 3.747250839413316e-06
50487 50468  0.00153938516757281
50488 50468 0.006362795510980099
50489 50468 0.002419048895363298
50491 50468 0.0002345770232063758
51926 50468 0.001979197848671177
51927 50468 0.001979159235887944
51928 50468  0.01636121824416486
51929 50468 0.006220314145259762
51930 50468 3.74997643344625e-06
51931 50468 0.0005994386479884714
50467 50469  0.01231499281991053
50468 50469  0.00829372677545488
50469 50469  0.07238173187070922
50470 50469  0.02001611341185209
50471 50469 8.993318490118164e-05
50488 50469 0.004926070426185996
50489 50469  0.02111173339402879
50491 50469 0.005629796270828424
51928 50469  0.01266684010037288
51929 50469  0.05428646527713447
51930 50469 8.999859855044986e-05
51931 50469  0.01438639393964397
50468 50470 0.000834012471222615
50469 50470  0.02001611341185208
50470 50470  0.07783823211375042
50471 50470 0.006552662768676799
50472 50470  0.01204092276315085
50489 50470 0.005838142291075367
50491 50470  0.02189303087293617
50492 50470 0.005108373145392746
51929 50470  0.01501213106722321
51930 50470 0.0003499846178796185
51931 50470  0.05594549989364014
51932 50470  0.01313561118853676
50468 50471 3.747250839413317e-06
50469 50471 8.993318490118164e-05
50470 50471 0.006552662768676799
50471 50471 0.008531234800183415
50472 50471  0.01650339376209738
50473 50471 0.006230805865779962
50489 50471 2.623100295943553e-05
50491 50471 0.001843022951561078
50492 50471 0.007001580789152037
50494 50471 0.001744657631157004
51929 50471 6.745009539314129e-05
51930 50471 2.946278599747677e-05
51931 50471 0.004709664958632942
51932 50471  0.01800378326598508
51933 50471 0.004236977811048914
51934 50471 0.0002492144947463271
50470 50472  0.01204092276315085
50471 50472  0.01650339376209738
50472 50472  0.03193081186211719
50473 50472  0.01209502953954253
50491 50472 0.003386668564196916
50492 50472  0.01354667786145188
50494 50472 0.003386670366529032
51930 50472 5.413968994081131e-05
51931 50472  0.00865430039804546
51932 50472  0.03483376962093666
51933 50472 0.008224677976964691
51934 50472 0.0004837667455173833
50471 50473 0.006230805865779962
50472 50473  0.01209502953954253
50473 50473   0.0733033221158533
50474 50473  0.01832582565260427
50492 50473 0.005131327997686038
50494 50473  0.02052530652912174
50495 50473 0.005131325266874863
51932 50473  0.01319463702827732
51933 50473  0.04984660988826412
51934 50473 0.003298490612429198
51935 50473  0.01282806357476499
50473 50474  0.01832582565260427
50474 50474  0.07330330261041697
50475 50474 0.006597309359558485
50476 50474  0.01172851629304581
50494 50474 0.005131325266874863
50495 50474  0.02052530106749942
50496 50474 0.005131325266874872
51933 50474  0.01246164915611853
51934 50474 0.002199246576327903
51935 50474  0.05131225429905988
51936 50474  0.01319463000630131
50474 50475 0.006597309359558485
50475 50475 0.009500142937250444
50476 50475  0.01688909450098345
50477 50475 0.006597309359558483
50495 50475 0.001847280491031064
50496 50475 0.007389121964124245
50498 50475 0.001847280491031063
51934 50475 0.0001319641578785098
51935 50475 0.004618111374140545
51936 50475   0.0190003021280762
51937 50475 0.004618153974238294
51938 50475 0.0001319215577807588
50474 50476  0.01172851629304581
50475 50476  0.01688909450098345
50476 50476   0.0300249706711997
50477 50476   0.0117285162930458
50495 50476 0.003284044775843806
50496 50476  0.01313617910337521
50498 50476 0.003284044775843804
51934 50476 0.0002346022736577798
51935 50476 0.008209952200624461
51936 50476  0.03377821789712894
51937 50476 0.008210027933914097
51938 50476 0.000234526540368142
50475 50477 0.006597309359558481
50476 50477   0.0117285162930458
50477 50477  0.07330330261041688
50478 50477  0.01832582565260426
50496 50477 0.005131325266874869
50498 50477  0.02052530106749939
50499 50477 0.005131325266874861
51936 50477   0.0131946300063013
51937 50477  0.05131272763260938
51938 50477 0.002198891576165771
51939 50477  0.01246153082273111
50477 50478  0.01832582565260426
50478 50478   0.0785392639428389
50498 50478 0.005131325266874861
50499 50478  0.02199139712181926
51937 50478  0.01282818190815238
51938 50478 0.003508302187899848
51939 50478  0.05340656824808416
50461 50481  0.00342085193111994
50462 50481 0.001710425965559974
50481 50481 0.0003192823777642055
50482 50481 0.0007343982582114474
50483 50481 0.0004789280516236642
51921 50481 0.002341062312545036
51922 50481 0.0006076859721945187
51923 50481  0.00064995721843158
50461 50482 0.007868482179962636
50462 50482 0.003934241089981328
50481 50482 0.0007343982582114474
50482 50482 0.001689228216855483
50483 50482 0.001101607703450436
51921 50482 0.005384801055219038
51922 50482 0.001397770596186086
51923 50482  0.00149500092197579
50461 50483  0.00513132594957765
50462 50483  0.02052530379831056
50463 50483 0.003489313143197046
50464 50483 0.001642012806380606
50481 50483 0.0004789280516236642
50482 50483 0.001101607703450436
50483 50483 0.005747190439716223
50484 50483 0.001436797609929059
51921 50483  0.00351162635385034
51922 50483 0.007017899010338551
51923 50483 0.007799559661061112
51924 50483 0.003694564634079013
50462 50484  0.00513132594957765
50463 50484  0.01395725164430929
50464 50484 0.006670678208940111
50465 50484 0.005028697846530424
50483 50484 0.001436797609929059
50484 50484 0.005747190057395646
50485 50484 0.001436797418768771
51922 50484 0.001744674718813734
51923 50484 0.001949889915265282
51924 50484  0.01477825755322134
51925 50484 0.003694564142531677
50463 50485 0.003489312678957617
50464 50485 0.002052522323911688
50465 50485  0.02011479406231611
50466 50485 0.005131326632280442
50484 50485 0.001436797418768771
50485 50485  0.00574719043971622
50487 50485 0.001436797801089345
51924 50485 0.003694564142531677
51925 50485  0.01477825853631601
51926 50485 0.001847300582592503
51927 50485 0.001847264543033846
50464 50487 0.0001026274476527893
50465 50487 0.005028699184627655
50466 50487  0.02052530379831055
50467 50487 0.003591940099302051
50468 50487  0.00153938516757281
50485 50487 0.001436797801089345
50487 50487 0.005747190439716221
50488 50487 0.001436797418768773
51925 50487 0.003694565125626346
51926 50487 0.007389201347265738
51927 50487 0.007389057189050287
51928 50487 0.003694564142531682
50466 50488 0.005131325266874862
50467 50488  0.01436776039720818
50468 50488   0.0063627955109801
50469 50488 0.004926070426185996
50487 50488 0.001436797418768773
50488 50488 0.005747189675075085
50489 50488 0.001436797418768774
51926 50488 0.001847300091040375
51927 50488 0.001847264051491308
51928 50488  0.01477825657012671
51929 50488 0.003694564142531684
50467 50489 0.003591940099302054
50468 50489 0.002419048895363297
50469 50489  0.02111173339402879
50470 50489 0.005838142291075368
50471 50489 2.623100295943553e-05
50488 50489 0.001436797418768774
50489 50489  0.00615770409717033
50491 50489 0.001642054629816398
51928 50489 0.003694564142531684
51929 50489  0.01583384857220928
51930 50489 2.625008229738434e-05
51931 50489 0.004196110061275592
50468 50491 0.0002345770232063758
50469 50491 0.005629796270828424
50470 50491  0.02189303087293617
50471 50491 0.001843022951561078
50472 50491 0.003386668564196916
50489 50491 0.001642054629816398
50491 50491 0.006157704097170332
50492 50491 0.001436797418768776
51929 50491 0.004222360143572976
51930 50491 9.843779639154594e-05
51931 50491  0.01573541077581774
51932 50491 0.003694564142531689
50470 50492 0.005108373145392745
50471 50492 0.007001580789152035
50472 50492  0.01354667786145188
50473 50492 0.005131327997686038
50491 50492 0.001436797418768776
50492 50492 0.005747191204357387
50494 50492 0.001436798183409922
51930 50492 2.296881589838876e-05
51931 50492 0.003671595326633299
51932 50492  0.01477826050250541
51933 50492 0.003489327598347225
51934 50492 0.000205238510373799
50471 50494 0.001744657631157004
50472 50494 0.003386670366529032
50473 50494  0.02052530652912174
50474 50494 0.005131325266874863
50492 50494 0.001436798183409922
50494 50494 0.005747191204357372
50495 50494 0.001436797418768773
51932 50494 0.003694566108721023
51933 50494  0.01395730667945951
51934 50494 0.0009235943058152034
51935 50494 0.003591923659762328
50473 50495 0.005131325266874863
50474 50495  0.02052530106749942
50475 50495 0.001847280491031063
50476 50495 0.003284044775843806
50494 50495 0.001436797418768773
50495 50495 0.005747189675075085
50496 50495 0.001436797418768776
51933 50495 0.003489325741382556
51934 50495 0.0006158003322265426
51935 50495  0.01436769463904929
51936 50495 0.003694564142531689
50474 50496 0.005131325266874872
50475 50496 0.007389121964124245
50476 50496  0.01313617910337521
50477 50496 0.005131325266874869
50495 50496 0.001436797418768776
50496 50496 0.005747189675075095
50498 50496 0.001436797418768775
51934 50496 0.0001026404827693542
51935 50496 0.003591923659762334
51936 50496  0.01477825657012674
51937 50496 0.003591956793718321
51938 50496 0.0001026073488133659
50475 50498 0.001847280491031062
50476 50498 0.003284044775843804
50477 50498  0.02052530106749939
50478 50498 0.005131325266874861
50496 50498 0.001436797418768775
50498 50498 0.005747189675075077
50499 50498 0.001436797418768773
51936 50498 0.003694564142531687
51937 50498  0.01436782717487323
51938 50498 0.0006157009303585873
51939 50498 0.003489292607426557
50477 50499 0.005131325266874861
50478 50499  0.02199139712181926
50498 50499 0.001436797418768773
50499 50499 0.006157704097170323
51937 50499 0.003591956793718315
51938 50499 0.0009823426241122495
51939 50499  0.01495411329691039
50461 51921  0.02508258548066857
50462 51921  0.01254129274033432
50481 51921 0.002341062312545036
50482 51921 0.005384801055219038
50483 51921  0.00351162635385034
51921 51921  0.01716528419011647
51922 51921 0.004455713269642182
51923 51921 0.004765657157441022
50461 51922 0.006510862723001089
50462 51922  0.02506346548352316
50463 51922 0.004237003447730506
50464 51922 0.001993863444275969
50481 51922 0.0006076859721945187
50482 51922 0.001397770596186086
50483 51922 0.007017899010338552
50484 51922 0.001744674718813734
51921 51922 0.004455713269642183
51922 51922 0.008571433918914512
51923 51922 0.009524048767929809
51924 51922 0.004486236244796668
50461 51923 0.006963764869788812
50462 51923  0.02785505947915519
50463 51923 0.004735375714787316
50464 51923 0.002228389155001498
50481 51923 0.0006499572184315801
50482 51923  0.00149500092197579
50483 51923 0.007799559661061112
50484 51923 0.001949889915265282
51921 51923 0.004765657157441022
51922 51923 0.009524048767929809
51923 51923  0.01058484689946267
51924 51923 0.005013924209995121
50462 51924  0.01319463176179528
50463 51924  0.03588951426259145
50464 51924  0.01715290422656572
50465 51924  0.01293073505333707
50483 51924 0.003694564634079013
50484 51924  0.01477825755322134
50485 51924 0.003694564142531677
51922 51924 0.004486236244796668
51923 51924 0.005013924209995121
51924 51924  0.03800063929124885
51925 51924 0.009500159190832689
50463 51925 0.008972377968777956
50464 51925 0.005277831989820894
50465 51925  0.05172294709488341
50466 51925  0.01319463351728928
50484 51925 0.003694564142531677
50485 51925  0.01477825853631601
50487 51925 0.003694565125626346
51924 51925 0.009500159190832689
51925 51925  0.03800064181916703
51926 51925 0.004750127195226055
51927 51925 0.004750034523524818
50464 51926 0.0001319487987072652
50465 51926 0.006465432315112135
50466 51926  0.02638952094425526
50467 51926 0.004618181509637095
50468 51926 0.001979197848671177
50485 51926 0.001847300582592503
50487 51926 0.007389201347265736
50488 51926 0.001847300091040376
51925 51926 0.004750127195226054
51926 51926 0.009500345799073568
51927 51926 0.009500160453887777
51928 51926 0.004750125931254641
50464 51927 0.0001319462244773236
50465 51927 0.006465306178992566
50466 51927  0.02638900610292573
50467 51927 0.004618091412105066
50468 51927 0.001979159235887944
50485 51927 0.001847264543033845
50487 51927 0.007389057189050287
50488 51927 0.001847264051491308
51925 51927 0.004750034523524818
51926 51927 0.009500160453887779
51927 51927 0.009499975112317944
51928 51927 0.004750033259578065
50466 51928  0.01319463000630128
50467 51928  0.03694509168696857
50468 51928  0.01636121824416486
50469 51928  0.01266684010037288
50487 51928 0.003694564142531682
50488 51928   0.0147782565701267
50489 51928 0.003694564142531685
51926 51928 0.004750125931254641
51927 51928 0.004750033259578065
51928 51928  0.03800063676333074
51929 51928 0.009500159190832708
50467 51929 0.009236272921742164
50468 51929 0.006220314145259763
50469 51929  0.05428646527713447
50470 51929  0.01501213106722321
50471 51929 6.745009539314129e-05
50488 51929 0.003694564142531685
50489 51929  0.01583384857220928
50491 51929 0.004222360143572976
51928 51929 0.009500159190832708
51929 51929   0.0407149737388102
51930 51929 6.749915578044998e-05
51931 51929  0.01078982852279199
50468 51930 3.749976433446251e-06
50469 51930 8.999859855044986e-05
50470 51930 0.0003499846178796185
50471 51930 2.946278599747677e-05
50472 51930 5.413968994081131e-05
50489 51930 2.625008229738434e-05
50491 51930 9.843779639154594e-05
50492 51930 2.296881589838876e-05
51929 51930 6.749915578044998e-05
51930 51930 1.573638421969047e-06
51931 51930 0.0002515481643229791
51932 51930 5.906174559202448e-05
50468 51931 0.0005994386479884715
50469 51931  0.01438639393964397
50470 51931  0.05594549989364014
50471 51931 0.004709664958632942
50472 51931  0.00865430039804546
50489 51931 0.004196110061275592
50491 51931  0.01573541077581774
50492 51931   0.0036715953266333
51929 51931  0.01078982852279199
51930 51931 0.0002515481643229791
51931 51931  0.04021030377174228
51932 51931 0.009441097445240696
50470 51932  0.01313561118853676
50471 51932  0.01800378326598508
50472 51932  0.03483376962093666
50473 51932  0.01319463702827732
50491 51932 0.003694564142531689
50492 51932  0.01477826050250541
50494 51932 0.003694566108721023
51930 51932 5.906174559202448e-05
51931 51932 0.009441097445240696
51932 51932  0.03800064687500354
51933 51932 0.008972416332322567
51934 51932 0.0005277479143464997
50471 51933 0.004236977811048914
50472 51933 0.008224677976964693
50473 51933  0.04984660988826412
50474 51933  0.01246164915611854
50492 51933 0.003489327598347225
50494 51933  0.01395730667945951
50495 51933 0.003489325741382556
51932 51933 0.008972416332322569
51933 51933  0.03389593330334789
51934 51933 0.002242989403918173
51935 51933   0.0087231446294147
50471 51934 0.0002492144947463271
50472 51934 0.0004837667455173833
50473 51934 0.003298490612429198
50474 51934 0.002199246576327903
50475 51934 0.0001319641578785098
50476 51934 0.0002346022736577798
50492 51934 0.000205238510373799
50494 51934 0.0009235943058152034
50495 51934 0.0006158003322265426
50496 51934 0.0001026404827693542
51932 51934 0.0005277479143464997
51933 51934 0.002242989403918174
51934 51934 0.0001759211554276106
51935 51934 0.001539470877466816
51936 51934 0.000263928541531452
50473 51935  0.01282806357476499
50474 51935  0.05131225429905988
50475 51935 0.004618111374140544
50476 51935 0.008209952200624461
50494 51935 0.003591923659762328
50495 51935  0.01436769463904929
50496 51935 0.003591923659762334
51933 51935 0.008723144629414698
51934 51935 0.001539470877466816
51935 51935  0.03591853773962467
51936 51935 0.009236230649301267
50474 51936  0.01319463000630131
50475 51936   0.0190003021280762
50476 51936  0.03377821789712894
50477 51936   0.0131946300063013
50495 51936 0.003694564142531689
50496 51936  0.01477825657012674
50498 51936 0.003694564142531687
51934 51936 0.000263928541531452
51935 51936 0.009236230649301267
51936 51936  0.03800063676333084
51937 51936 0.009236315849569649
51938 51936 0.0002638433412630665
50475 51937 0.004618153974238294
50476 51937 0.008210027933914097
50477 51937  0.05131272763260938
50478 51937  0.01282818190815238
50496 51937 0.003591956793718321
50498 51937  0.01436782717487323
50499 51937 0.003591956793718315
51936 51937 0.009236315849569649
51937 51937  0.03591920040890748
51938 51937 0.001539236576298533
51939 51937 0.008723142262642068
50475 51938 0.0001319215577807588
50476 51938 0.000234526540368142
50477 51938 0.002198891576165771
50478 51938 0.003508302187899848
50496 51938 0.0001026073488133659
50498 51938 0.0006157009303585873
50499 51938 0.0009823426241122495
51936 51938 0.0002638433412630665
51937 51938 0.001539236576298533
51938 51938 0.0001843143752329878
51939 51938 0.002385639625669805
50477 51939  0.01246153082273111
50478 51939  0.05340656824808414
50498 51939 0.003489292607426557
50499 51939  0.01495411329691039
51937 51939 0.008723142262642066
51938 51939 0.002385639625669805
51939 51939  0.03631637717044502
91903 91903  0.03651657704935971
91904 91903  0.01825828852467989
91923 91903 0.005189338730787641
91925 91903 0.002594669365393824
93361 91903 6.747722215117012e-05
93362 91903 3.373861107558513e-05
93381 91903  0.03139497430374578
93382 91903 0.006219374409889925
93383 91903 0.009478112741982991
91903 91904  0.01825828852467989
91904 91904   0.0730331540987194
91905 91904    0.012404880827193
91906 91904 0.005853407697486887
91923 91904 0.002594669365393826
91925 91904  0.01037867746157527
91926 91904 0.002594669365393824
93361 91904 3.373861107558513e-05
93362 91904 0.0001349544443023402
93363 91904 3.373861107558512e-05
93381 91904  0.01569748715187292
93382 91904  0.02487749763955964
93383 91904  0.03791245096793187
93384 91904  0.01569748715187292
91904 91905    0.012404880827193
91905 91905  0.03371204434462113
91906 91905    0.016133111532354
91907 91905  0.01217924330772755
91925 91905 0.001762846732330471
91926 91905 0.007051386460242181
91927 91905 0.001762846497790627
93362 91905 2.292238120248377e-05
93363 91905 9.168951871046902e-05
93364 91905 2.292237815275085e-05
93382 91905 0.004225510965613956
93383 91905  0.00643953341366424
93384 91905  0.04266017467922804
93385 91905  0.01066504296033587
91904 91906 0.005853407697486887
91905 91906    0.016133111532354
91906 91906 0.007743255152088784
91907 91906  0.00705119538966072
91908 91906 0.000332105237619939
91925 91906 0.0008318226330633529
91926 91906 0.003374485482336787
91927 91906  0.00102060323320859
91929 91906 4.719518398312746e-05
93362 91906 1.081622987310136e-05
93363 91906 4.387859770776177e-05
93364 91906 1.327095313451736e-05
93366 91906 6.136812567661157e-07
93382 91906  0.00199386344427597
93383 91906 0.003038579328318752
93384 91906  0.02041529576355998
93385 91906 0.006174546304099182
93386 91906 0.0001197803018061497
93387 91906 0.0001657457864447804
91905 91907  0.01217924330772755
91906 91907  0.00705119538966072
91907 91907  0.07040047557382943
91908 91907  0.01792618571625363
91926 91907 0.002547473848758381
91927 91907   0.0101898967507593
91929 91907  0.00254747452662128
93363 91907 3.312492549332488e-05
93364 91907 0.0001324997196018672
93366 91907 3.312493430760889e-05
93384 91907  0.01541195905110914
93385 91907   0.0616478444064403
93386 91907  0.00646543231511214
93387 91907 0.008946530836998945
91906 91908 0.000332105237619939
91907 91908  0.01792618571625363
91908 91908  0.07303315409871937
91909 91908   0.0127707229326084
91910 91908 0.005487563162877812
91927 91908 0.002594669710604406
91929 91908  0.01037867746157527
91930 91908  0.00259466902018324
93364 91908 3.373861556437499e-05
93366 91908 0.0001349544443023401
93367 91908 3.373860658679523e-05
93385 91908  0.01569748924036201
93386 91908   0.0263408469631267
93387 91908  0.03644910164436478
93388 91908  0.01569748506338381
91908 91909   0.0127707229326084
91909 91909  0.03572982992347107
91910 91909  0.01584124082011568
91911 91909  0.01228254391945515
91929 91909 0.001814836233000778
91930 91909 0.007259344932003097
91931 91909 0.001814836233000778
93366 91909 2.359840319068924e-05
93367 91909 9.439361276275674e-05
93368 91909 2.359840319068924e-05
93386 91909  0.00460601301597392
93387 91909 0.006373562582460423
93388 91909  0.04391830239373728
93389 91909  0.01097957559843435
91908 91910 0.005487563162877812
91909 91910  0.01584124082011568
91910 91910 0.007131073877600655
91911 91910 0.008154660039481745
91912 91910 0.000729008914187686
91913 91910 6.864718958860272e-05
91929 91910 0.000779832787182463
91930 91910 0.003218516055364857
91931 91910 0.001204911018800699
91933 91910 0.0001133542091741054
93366 91910  1.0140203396106e-05
93367 91910 4.185051971583269e-05
93368 91910 1.566751617227098e-05
93370 91910 1.473950256673721e-06
93386 91910 0.001979197848671178
93387 91910 0.002738711616278292
93388 91910  0.01947169651017101
93389 91910 0.007289589760082308
93390 91910 6.864978950364931e-05
93391 91910 0.0006171317076896001
91909 91911  0.01228254391945515
91910 91911 0.008154660039481747
91911 91911  0.07238173187070927
91912 91911   0.0183418044711675
91913 91911 0.001727157658054581
91930 91911 0.002495484113548229
91931 91911  0.01069493343298687
91933 91911 0.002851982602945217
93367 91911 3.244890045538647e-05
93368 91911 0.0001390667359731395
93370 91911 3.708446753118344e-05
93388 91911  0.01509742641301065
93389 91911  0.06470326523817642
93390 91911 0.001727223071703849
93391 91911  0.01552698313437378
91910 91912 0.000729008914187686
91911 91912   0.0183418044711675
91912 91912  0.06536083266264589
91913 91912  0.01180794292125756
91914 91912  0.01103372300255703
91931 91912 0.002710136560567421
91933 91912  0.01016301084012233
91934 91912 0.002371368859493759
93368 91912 3.524003659126325e-05
93370 91912 0.0001321501208073188
93371 91912 3.083502381239631e-05
93389 91912  0.01639605200058736
93390 91912 0.006154941752768047
93391 91912  0.05533024561442899
93392 91912  0.01434654168301124
91910 91913 6.864718958860272e-05
91911 91913 0.001727157658054581
91912 91913  0.01180794292125756
91913 91913  0.01002646716405212
91914 91913  0.01739905056349563
91915 91913 0.006185574871680883
91931 91913 0.0002552002515519006
91933 91913 0.001836026975477465
91934 91913 0.003739405700276245
91936 91913 0.0008790266187986865
93368 91913 3.31838119659389e-06
93370 91913 2.38739474385843e-05
93371 91913 4.86236729265492e-05
93373 91913 1.143002557947652e-05
93389 91913 0.001543935702683513
93390 91913 0.001111938112469695
93391 91913 0.009995839334031691
93392 91913  0.02262302616226296
93393 91913 0.004213992990675027
93394 91913 0.001104029119880977
91912 91914  0.01103372300255703
91913 91914  0.01739905056349563
91914 91914  0.03193081186211715
91915 91914  0.01207272094058005
91933 91914 0.001715642869188546
91934 91914 0.006862573302830854
91936 91914 0.001715643782226887
93370 91914 2.230858709019661e-05
93371 91914 8.92343721053496e-05
93373 91914 2.230859896247827e-05
93390 91914 0.001039030863444424
93391 91914 0.009340434919550203
93392 91914  0.04151787417955763
93393 91914 0.008224677976964691
93394 91914 0.002154793329819525
91913 91915 0.006185574871680884
91914 91915  0.01207272094058005
91915 91915  0.07303316381549409
91916 91915  0.01686762769514043
91917 91915 0.001390658400345781
91934 91915 0.002594670401025574
91936 91915   0.0103786788424176
91937 91915  0.00259466902018324
93371 91915 3.373862454195479e-05
93373 91915 0.0001349544622574997
93374 91915 3.373860658679523e-05
93392 91915  0.01569749341734023
93393 91915  0.04975467063123291
93394 91915  0.01479183505101461
93395 91915  0.01394093634258419
91915 91916  0.01686762769514043
91916 91916  0.06233156005419495
91917 91916  0.01119135979647071
91918 91916  0.01081521862503636
91936 91916 0.002397043774847272
91937 91916 0.009588175099389064
91938 91916 0.002397043774847273
93373 91916 3.116887597678538e-05
93374 91916 0.0001246755039071412
93375 91916 3.11688759767854e-05
93393 91916  0.01149126255056101
93394 91916 0.009501648350163457
93395 91916  0.05151645071581958
93396 91916  0.01450187232330885
91915 91917 0.001390658400345781
91916 91917  0.01119135979647071
91917 91917  0.01082471490823567
91918 91917  0.01769422923910874
91919 91917 0.006551402388417253
91936 91917 0.0001976252453359694
91937 91917  0.00172151502762849
91938 91917 0.003921681430474423
91940 91917 0.000931014046284615
93373 91917 2.569730610009858e-06
93374 91917 2.238494305000478e-05
93375 91917 5.09938130498713e-05
93377 91917 1.210602060996538e-05
93393 91917 0.0009474017974157986
93394 91917 0.001413648613551241
93395 91917 0.009249554076564243
93396 91917  0.02372577588870059
93397 91917 0.004594493117134053
93398 91917 0.001038047670022358
91916 91918  0.01081521862503636
91917 91918  0.01769422923910873
91918 91918  0.03002497067119967
91919 91918  0.01170688370706897
91937 91918 0.001663654973898627
91938 91918   0.0066546198955945
91940 91918 0.001663654973898628
93374 91918 2.163258597682988e-05
93375 91918 8.653034390731938e-05
93377 91918 2.163258597682988e-05
93394 91918 0.001126267355690392
93395 91918 0.008938676920537016
93396 91918  0.04025977710490958
93397 91918 0.008210027933914094
93398 91918 0.001854916342313316
91917 91919 0.006551402388417253
91918 91919  0.01170688370706897
91919 91919  0.07303314438194468
91920 91919  0.01703592177855327
91921 91919 0.001222364316932949
91938 91919 0.002594669020183243
91940 91919  0.01037867608073294
91941 91919 0.002594669020183242
93375 91919 3.373860658679526e-05
93377 91919 0.0001349544263471807
93378 91919 3.373860658679525e-05
93396 91919  0.01569748506338383
93397 91919  0.05121808420419243
93398 91919  0.01352596738980082
93399 91919  0.01374337372292565
91919 91920  0.01703592177855327
91920 91920   0.0681231220204149
91921 91920 0.004887981677672155
91940 91920 0.002420959899407254
91941 91920  0.01037554389848484
93377 91920 3.147985849954007e-05
93378 91920 0.0001349136984301304
93397 91920  0.01194727795898774
93398 91920  0.01051337093384543
93399 91920  0.05495690443223764
91919 91921 0.001222364316932949
91920 91921 0.004887981677672155
91921 91921 0.000350723281209847
91940 91921 0.0001737091207759889
91941 91921 0.0007444677661202722
93377 91921 2.258748087255188e-06
93378 91921 9.680350319174166e-06
93397 91921 0.0008572430920604013
93398 91921 0.0007543571546795422
93399 91921 0.003943277024882324
91903 91923 0.005189338730787641
91904 91923 0.002594669365393826
91923 91923 0.0007374523747516712
91925 91923 0.0003687261873758361
93361 91923 9.589128846378791e-06
93362 91923 4.794564423189405e-06
93381 91923 0.004461512257468485
93382 91923 0.0008838298415233646
93383 91923 0.001346926287210882
91903 91925 0.002594669365393824
91904 91925  0.01037867746157527
91905 91925 0.001762846732330471
91906 91925 0.0008318226330633529
91923 91925 0.0003687261873758361
91925 91925  0.00147490474950334
91926 91925 0.0003687261873758358
93361 91925 4.794564423189403e-06
93362 91925 1.917825769275756e-05
93363 91925 4.794564423189401e-06
93381 91925 0.002230756128734246
93382 91925 0.003535319366093448
93383 91925 0.005387705148843513
93384 91925 0.002230756128734246
91904 91926 0.002594669365393824
91905 91926 0.007051386460242181
91906 91926 0.003374485482336787
91907 91926 0.002547473848758381
91925 91926 0.0003687261873758358
91926 91926 0.001474904651388194
91927 91926 0.0003687261383182628
93362 91926 4.794564423189401e-06
93363 91926 1.917825641696158e-05
93364 91926 4.794563785291408e-06
93382 91926 0.0008838298415233638
93383 91926 0.001346926287210881
93384 91926 0.008923023921350253
93385 91926 0.002230755831940892
91905 91927 0.001762846497790627
91906 91927  0.00102060323320859
91907 91927   0.0101898967507593
91908 91927 0.002594669710604406
91926 91927 0.0003687261383182628
91927 91927  0.00147490474950334
91929 91927 0.0003687262364334089
93363 91927 4.794563785291408e-06
93364 91927 1.917825769275756e-05
93366 91927 4.794565061087393e-06
93384 91927 0.002230755831940892
93385 91927 0.008923024514936963
93386 91927 0.0009358187881973095
93387 91927 0.001294937637330289
91906 91929 4.719518398312746e-05
91907 91929 0.002547474526621279
91908 91929  0.01037867746157527
91909 91929 0.001814836233000778
91910 91929 0.000779832787182463
91927 91929 0.0003687262364334089
91929 91929  0.00147490474950334
91930 91929 0.0003687261383182627
93364 91929 4.794565061087393e-06
93366 91929 1.917825769275756e-05
93367 91929 4.794563785291408e-06
93385 91929 0.002230756425527599
93386 91929 0.003743274654761218
93387 91929 0.005179749860175741
93388 91929 0.002230755831940891
91908 91930 0.002594669020183241
91909 91930 0.007259344932003095
91910 91930 0.003218516055364857
91911 91930 0.002495484113548229
91929 91930 0.0003687261383182627
91930 91930 0.001474904553273047
91931 91930 0.0003687261383182626
93366 91930 4.794563785291408e-06
93367 91930 1.917825514116559e-05
93368 91930 4.794563785291407e-06
93386 91930 0.0009358185391833035
93387 91930 0.001294937292757587
93388 91930 0.008923023327763542
93389 91930 0.002230755831940891
91909 91931 0.001814836233000778
91910 91931 0.001204911018800699
91911 91931  0.01069493343298687
91912 91931 0.002710136560567421
91913 91931 0.0002552002515519006
91930 91931 0.0003687261383182626
91931 91931 0.001580255102770028
91933 91931 0.0004214014130667529
93367 91931 4.794563785291407e-06
93368 91931 2.054813342449681e-05
93370 91931 5.479502926957019e-06
93388 91931 0.002230755831940891
93389 91931 0.009560383493659131
93390 91931 0.0002552099168998615
93391 91931 0.002294225997988823
91910 91933 0.0001133542091741054
91911 91933 0.002851982602945217
91912 91933  0.01016301084012233
91913 91933 0.001836026975477464
91914 91933 0.001715642869188546
91931 91933 0.000421401413066753
91933 91933 0.001580255102770028
91934 91933 0.000368726138318263
93368 91933 5.47950292695702e-06
93370 91933 2.054813342449681e-05
93371 91933 4.794563785291412e-06
93389 91933 0.002549435914888685
93390 91933 0.0009570370695331195
93391 91933  0.00860334642412601
93392 91933 0.002230755831940893
91912 91934 0.002371368859493759
91913 91934 0.003739405700276246
91914 91934 0.006862573302830854
91915 91934 0.002594670401025574
91933 91934 0.000368726138318263
91934 91934 0.001474904945733634
91936 91934 0.0003687263345485552
93370 91934 4.794563785291412e-06
93371 91934 1.917826024434955e-05
93373 91934 4.79456633688338e-06
93390 91934 0.0002233086178666995
93391 91934 0.002007447214074193
93392 91934 0.008923025702110388
93393 91934 0.001767648619547389
93394 91934 0.0004631083995669192
91913 91936 0.0008790266187986865
91914 91936 0.001715643782226887
91915 91936   0.0103786788424176
91916 91936 0.002397043774847272
91917 91936 0.0001976252453359694
91934 91936 0.0003687263345485552
91936 91936 0.001474904945733632
91937 91936 0.0003687261383182626
93371 91936 4.79456633688338e-06
93373 91936 1.917826024434953e-05
93374 91936 4.794563785291408e-06
93392 91936 0.002230757019114309
93393 91936 0.007070592596760556
93394 91936 0.002102054703152912
93395 91936 0.001981134234137797
91915 91937  0.00259466902018324
91916 91937 0.009588175099389062
91917 91937  0.00172151502762849
91918 91937 0.001663654973898627
91936 91937 0.0003687261383182627
91937 91937 0.001474904553273046
91938 91937 0.0003687261383182629
93373 91937 4.794563785291407e-06
93374 91937 1.917825514116558e-05
93375 91937 4.79456378529141e-06
93393 91937 0.001767647678832898
93394 91937 0.001461594544320363
93395 91937 0.007924536936551166
93396 91937 0.002230755831940892
91916 91938 0.002397043774847274
91917 91938 0.003921681430474423
91918 91938   0.0066546198955945
91919 91938 0.002594669020183243
91937 91938 0.0003687261383182628
91938 91938 0.001474904553273049
91940 91938 0.000368726138318263
93374 91938 4.794563785291411e-06
93375 91938 1.917825514116562e-05
93377 91938 4.794563785291412e-06
93394 91938 0.0002496215978030937
93395 91938 0.001981134234137798
93396 91938 0.008923023327763556
93397 91938 0.001819639253963287
93398 91938 0.0004111165779776053
91917 91940 0.0009310140462846149
91918 91940 0.001663654973898628
91919 91940  0.01037867608073294
91920 91940 0.002420959899407254
91921 91940 0.0001737091207759889
91938 91940 0.000368726138318263
91940 91940 0.001474904553273048
91941 91940 0.0003687261383182628
93375 91940 4.794563785291412e-06
93377 91940 1.917825514116559e-05
93378 91940 4.794563785291411e-06
93396 91940 0.002230755831940893
93397 91940 0.007278557015853127
93398 91940 0.001922163360283922
93399 91940 0.001953058783567385
91919 91941 0.002594669020183242
91920 91941  0.01037554389848484
91921 91941 0.0007444677661202723
91940 91941 0.0003687261383182628
91941 91941 0.001580255102770029
93377 91941 4.79456378529141e-06
93378 91941 2.054813342449683e-05
93397 91941 0.001819639253963286
93398 91941  0.00160124695419095
93399 91941 0.008370253117445787
91903 93361 6.747722215117012e-05
91904 93361 3.373861107558513e-05
91923 93361 9.589128846378791e-06
91925 93361 4.794564423189402e-06
93361 93361 1.246879055253126e-07
93362 93361 6.234395276265644e-08
93381 93361 5.801325936603021e-05
93382 93361 1.14924821165516e-05
93383 93361 1.751414756646356e-05
91903 93362 3.373861107558513e-05
91904 93362 0.0001349544443023402
91905 93362 2.292238120248377e-05
91906 93362 1.081622987310136e-05
91923 93362 4.794564423189404e-06
91925 93362 1.917825769275756e-05
91926 93362 4.794564423189401e-06
93361 93362 6.234395276265645e-08
93362 93362 2.493758110506252e-07
93363 93362 6.234395276265643e-08
93381 93362 2.900662968301516e-05
93382 93362 4.59699284662063e-05
93383 93362 7.005659026585408e-05
93384 93362 2.900662968301516e-05
91904 93363 3.373861107558512e-05
91905 93363 9.168951871046902e-05
91906 93363 4.387859770776177e-05
91907 93363 3.312492549332488e-05
91925 93363 4.794564423189401e-06
91926 93363 1.917825641696158e-05
91927 93363 4.794563785291409e-06
93362 93363 6.234395276265643e-08
93363 93363 2.493757944613884e-07
93364 93363 6.234394446803805e-08
93382 93363 1.14924821165516e-05
93383 93363 1.751414756646356e-05
93384 93363 0.0001160265110136238
93385 93363 2.900662582379685e-05
91905 93364 2.292237815275085e-05
91906 93364 1.327095313451736e-05
91907 93364 0.0001324997196018672
91908 93364  3.3738615564375e-05
91926 93364 4.794563785291409e-06
91927 93364 1.917825769275756e-05
91929 93364 4.794565061087393e-06
93363 93364 6.234394446803805e-08
93364 93364 2.493758110506252e-07
93366 93364 6.234396105727483e-08
93384 93364 2.900662582379685e-05
93385 93364 0.0001160265187320604
93386 93364 1.216849690111563e-05
93387 93364 1.683813664111784e-05
91906 93366 6.136812567661158e-07
91907 93366 3.31249343076089e-05
91908 93366 0.0001349544443023402
91909 93366 2.359840319068924e-05
91910 93366  1.0140203396106e-05
91927 93366 4.794565061087393e-06
91929 93366 1.917825769275756e-05
91930 93366 4.794563785291408e-06
93364 93366 6.234396105727483e-08
93366 93366 2.493758110506251e-07
93367 93366 6.234394446803804e-08
93385 93366 2.900663354223348e-05
93386 93366 4.86739811285801e-05
93387 93366 6.735253760348022e-05
93388 93366 2.900662582379684e-05
91908 93367 3.373860658679524e-05
91909 93367 9.439361276275674e-05
91910 93367 4.185051971583269e-05
91911 93367 3.244890045538647e-05
91929 93367 4.794563785291408e-06
91930 93367 1.917825514116559e-05
91931 93367 4.794563785291408e-06
93366 93367 6.234394446803804e-08
93367 93367 2.493757778721516e-07
93368 93367 6.234394446803802e-08
93386 93367 1.216849366317448e-05
93387 93367 1.683813216062235e-05
93388 93367 0.0001160265032951871
93389 93367 2.900662582379684e-05
91909 93368 2.359840319068924e-05
91910 93368 1.566751617227098e-05
91911 93368 0.0001390667359731395
91912 93368 3.524003659126326e-05
91913 93368 3.31838119659389e-06
91930 93368 4.794563785291408e-06
91931 93368 2.054813342449681e-05
91933 93368 5.47950292695702e-06
93367 93368 6.234394446803802e-08
93368 93368 2.671883713527036e-07
93370 93368 7.125024120831409e-08
93388 93368 2.900662582379684e-05
93389 93368 0.0001243141283155556
93390 93368 3.318506875580241e-06
93391 93368 2.983193145840086e-05
91910 93370 1.473950256673721e-06
91911 93370 3.708446753118344e-05
91912 93370 0.0001321501208073188
91913 93370 2.38739474385843e-05
91914 93370 2.230858709019661e-05
91931 93370 5.47950292695702e-06
91933 93370 2.054813342449681e-05
91934 93370 4.794563785291412e-06
93368 93370 7.12502412083141e-08
93370 93370 2.671883713527036e-07
93371 93370 6.234394446803809e-08
93389 93370 3.315043833398111e-05
93390 93370 1.244439923812595e-05
93391 93370 0.0001118697290774297
93392 93370 2.900662582379687e-05
91912 93371 3.083502381239631e-05
91913 93371 4.862367292654921e-05
91914 93371 8.923437210534962e-05
91915 93371 3.373862454195479e-05
91933 93371 4.794563785291412e-06
91934 93371 1.917826024434955e-05
91936 93371 4.794566336883381e-06
93370 93371 6.234394446803807e-08
93371 93371 2.493758442290991e-07
93373 93371 6.234397764651168e-08
93390 93371 2.903692743482748e-06
93391 93371 2.610293308031411e-05
93392 93371 0.0001160265341689338
93393 93371 2.298482037388695e-05
93394 93371 6.021820886783169e-06
91913 93373 1.143002557947652e-05
91914 93373 2.230859896247827e-05
91915 93373 0.0001349544622574997
91916 93373 3.116887597678539e-05
91917 93373 2.569730610009858e-06
91934 93373 4.79456633688338e-06
91936 93373 1.917826024434953e-05
91937 93373 4.794563785291407e-06
93371 93373 6.234397764651168e-08
93373 93373 2.493758442290987e-07
