%%MatrixMarket matrix coordinate real general
226981 226981 11830
10910 10910 4.134497765652015e-10
10911 10910 3.325115019620306e-07
11935 10910 6.24235028654058e-08
11966 10910 8.281719284272935e-08
11967 10910 4.134497765653665e-10
13023 10910 2.067248882826009e-10
13024 10910 1.038322481156097e-07
13055 10910 4.14085964213647e-08
13056 10910 2.067248882826834e-10
14179 10910 -1.033267252199237e-10
14180 10910 -8.312783679500952e-08
15404 10910 -3.571892137670575e-14
15405 10910 -3.86954981580979e-14
15436 10910 -2.070429821068235e-08
15437 10910 -1.033624441413417e-10
10910 10911 3.325115019620306e-07
10911 10911 0.0002674179675596206
11935 10911 5.020327467085685e-05
11966 10911 6.660462948895158e-05
11967 10911 3.325115019621633e-07
13023 10911 1.662557509810154e-07
13024 10911 8.350570910895364e-05
13055 10911 3.330231474447581e-05
13056 10911 1.662557509810818e-07
14179 10911 -8.309914902149348e-08
14180 10911 -6.685446076956376e-05
15404 10911 -2.872646901420953e-11
15405 10911 -3.112034143206031e-11
15436 10911 -1.665115737223791e-05
15437 10911 -8.312787549054087e-08
10910 11935 6.242350286540582e-08
10911 11935 5.020327467085686e-05
11935 11935 0.0001507972742850551
11966 11935  1.2503911158621e-05
11967 11935 6.242350286543074e-08
13023 11935 4.993880229232483e-07
13024 11935 0.0002508289230818015
13055 11935 0.0001000312892689684
13056 11935 4.993880229234477e-07
14179 11935 6.24019311987387e-08
14180 11935 5.020325130155124e-05
15404 11935 2.157166666705277e-11
15405 11935 2.336930555597383e-11
15436 11935 1.250391115862098e-05
15437 11935 6.242350286543065e-08
10910 11966 8.281719284272935e-08
10911 11966 6.660462948895158e-05
11935 11966  1.2503911158621e-05
11966 11966 1.658892523132903e-05
11967 11966 8.281719284276239e-08
13023 11966 4.14085964213647e-08
13024 11966 2.079840358585484e-05
13055 11966 8.294462615664521e-06
13056 11966 4.140859642138123e-08
14179 11966 -2.069714343405055e-08
14180 11966 -1.665114962122989e-05
15404 11966 -7.154776631793455e-12
15405 11966 -7.75100801777624e-12
15436 11966 -4.14723130783226e-06
15437 11966 -2.070429821069061e-08
10910 11967 4.134497765653664e-10
10911 11967 3.325115019621633e-07
11935 11967 6.242350286543072e-08
11966 11967 8.281719284276239e-08
11967 11967 4.134497765655315e-10
13023 11967 2.067248882826834e-10
13024 11967 1.038322481156511e-07
13055 11967 4.140859642138122e-08
13056 11967 2.067248882827659e-10
14179 11967 -1.03326725219965e-10
14180 11967 -8.312783679504272e-08
15404 11967 -3.571892137672002e-14
15405 11967 -3.869549815811334e-14
15436 11967 -2.070429821069061e-08
15437 11967 -1.033624441413829e-10
10910 13023 2.067248882826008e-10
10911 13023 1.662557509810154e-07
11935 13023 4.993880229232483e-07
11966 13023 4.140859642136469e-08
11967 13023 2.067248882826834e-10
13023 13023 1.653799106260813e-09
13024 13023 8.306579849248806e-07
13055 13023 3.312687713709188e-07
13056 13023 1.653799106261473e-09
14179 13023 2.066534504398472e-10
14180 13023 1.662556735900189e-07
15404 13023 7.143784275341143e-14
15405 13023 7.739099631619571e-14
15436 13023 4.140859642136465e-08
15437 13023 2.067248882826831e-10
10910 13024 1.038322481156097e-07
10911 13024 8.350570910895364e-05
11935 13024 0.0002508289230818015
11966 13024 2.079840358585484e-05
11967 13024 1.038322481156511e-07
13023 13024 8.306579849248806e-07
13024 13024 0.0004172167497898306
13055 13024 0.0001663872286868393
13056 13024 8.306579849252121e-07
14179 13024 1.037963668442482e-07
14180 13024 8.350567023757624e-05
15404 13024 3.588127136136626e-11
15405 13024 3.887137730814677e-11
15436 13024 2.079840358585482e-05
15437 13024 1.03832248115651e-07
10910 13055 4.14085964213647e-08
10911 13055 3.330231474447581e-05
11935 13055 0.0001000312892689683
11966 13055 8.29446261566452e-06
11967 13055 4.140859642138122e-08
13023 13055 3.312687713709188e-07
13024 13055 0.0001663872286868393
13055 13055 6.63557009253164e-05
13056 13055 3.31268771371051e-07
14179 13055 4.139428686810106e-08
14180 13055 3.330229924245974e-05
15404 13055 1.430955326358689e-11
15405 13055 1.550201603555246e-11
15436 13055 8.294462615664513e-06
15437 13055 4.140859642138118e-08
10910 13056 2.067248882826834e-10
10911 13056 1.662557509810818e-07
11935 13056 4.993880229234477e-07
11966 13056 4.140859642138122e-08
11967 13056 2.067248882827659e-10
13023 13056 1.653799106261473e-09
13024 13056 8.306579849252122e-07
13055 13056 3.312687713710511e-07
13056 13056 1.653799106262134e-09
14179 13056 2.066534504399297e-10
14180 13056 1.662556735900852e-07
15404 13056 7.143784275343996e-14
15405 13056 7.73909963162266e-14
15436 13056 4.140859642138118e-08
15437 13056 2.067248882827656e-10
10910 14179 -1.033267252199237e-10
10911 14179 -8.309914902149348e-08
11935 14179 6.240193119873868e-08
11966 14179 -2.069714343405056e-08
11967 14179 -1.03326725219965e-10
13023 14179 2.066534504398472e-10
13024 14179 1.037963668442482e-07
13055 14179 4.139428686810106e-08
13056 14179 2.066534504399297e-10
14179 14179 8.263281491353694e-10
14180 14179 6.647928827149371e-07
15404 14179 2.856526240186482e-13
15405 14179 6.240209187834039e-08
15436 14179 1.655771474724041e-07
15437 14179 8.266138017597178e-10
16700 14179 2.066534504398473e-10
16701 14179 1.037965156216559e-07
16732 14179 4.139428686810109e-08
16733 14179 2.066534504399298e-10
18069 14179 -1.032553120642517e-10
18070 14179 -8.309907165724161e-08
19513 14179 -7.141315567211938e-14
19514 14179 -7.736425197812932e-14
19545 14179 -2.069714343405058e-08
19546 14179 -1.033267252199651e-10
10910 14180 -8.312783679500951e-08
10911 14180 -6.685446076956376e-05
11935 14180 5.020325130155124e-05
11966 14180 -1.665114962122989e-05
11967 14180 -8.312783679504272e-08
13023 14180 1.662556735900189e-07
13024 14180 8.350567023757624e-05
13055 14180 3.330229924245974e-05
13056 14180 1.662556735900852e-07
14179 14180 6.647928827149371e-07
14180 14180 0.0005348354371938934
15404 14180 2.298116451377645e-10
15405 14180 5.020338057060219e-05
15436 14180 0.0001332091969698388
15437 14180 6.650226943603402e-07
16700 14180 1.66255673590019e-07
16701 14180 8.350578993114092e-05
16732 14180 3.330229924245976e-05
16733 14180 1.662556735900853e-07
18069 14180 -8.30703838839927e-08
18070 14180 -6.685439852891024e-05
19513 14180 -5.745291101690574e-11
19514 14180 -6.224065360164788e-11
19545 14180 -1.665114962122991e-05
19546 14180 -8.31278367950428e-08
10910 15404 -3.571892137670576e-14
10911 15404 -2.872646901420953e-11
11935 15404 2.157166666705277e-11
11966 15404 -7.154776631793455e-12
11967 15404 -3.571892137672002e-14
13023 15404 7.143784275341143e-14
13024 15404 3.588127136136626e-11
13055 15404 1.430955326358689e-11
13056 15404 7.143784275343996e-14
14179 15404 2.856526240186482e-13
14180 15404 2.298116451377645e-10
15404 15404 9.874699499722826e-17
15405 15404 2.15717222122377e-11
15436 15404 5.723821305434751e-11
15437 15404 2.857513710137595e-13
16700 15404 7.143784275341147e-14
16701 15404 3.58813227920926e-11
16732 15404 1.43095532635869e-11
16733 15404 7.143784275343998e-14
18069 15404 -3.569423462807145e-14
18070 15404 -2.872644227023188e-11
19513 15404 -2.468674863435069e-17
19514 15404 -2.674397768721325e-17
19545 15404 -7.154776631793463e-12
19546 15404 -3.571892137672006e-14
10910 15405 -3.86954981580979e-14
10911 15405 -3.112034143206031e-11
11935 15405 2.336930555597382e-11
11966 15405 -7.75100801777624e-12
11967 15405 -3.869549815811334e-14
13023 15405 7.739099631619571e-14
13024 15405 3.887137730814677e-11
13055 15405 1.550201603555246e-11
13056 15405 7.73909963162266e-14
14179 15405 6.240209187834039e-08
14180 15405 5.020338057060219e-05
15404 15405 2.157172221223769e-11
15405 15405 0.0001507966019689755
15436 15405 1.250394335511596e-05
15437 15405 6.242366360057753e-08
16700 15405 4.993869096835376e-07
16701 15405 0.0002508287234589668
16732 15405 0.0001000310662784311
16733 15405 4.993869096837367e-07
18069 15405 6.238017213754152e-08
18070 15405 5.020307711842462e-05
19513 15405 4.314320352777426e-11
19514 15405 4.673847048842211e-11
19545 15405 1.250387359604382e-05
19546 15405 6.242331534109421e-08
10910 15436 -2.070429821068235e-08
10911 15436 -1.665115737223791e-05
11935 15436 1.250391115862098e-05
11966 15436 -4.14723130783226e-06
11967 15436 -2.070429821069061e-08
13023 15436 4.140859642136465e-08
13024 15436 2.079840358585482e-05
13055 15436 8.294462615664511e-06
13056 15436 4.140859642138118e-08
14179 15436 1.655771474724041e-07
14180 15436 0.0001332091969698388
15404 15436 5.723821305434751e-11
15405 15436 1.250394335511596e-05
15436 15436 3.317785046265802e-05
15437 15436 1.656343856855245e-07
16700 15436 4.140859642136467e-08
16701 15436 2.079843339742399e-05
16732 15436 8.294462615664516e-06
16733 15436 4.14085964213812e-08
18069 15436 -2.068998865748542e-08
18070 15436 -1.665114187022196e-05
19513 15436 -1.430955319695298e-11
19514 15436 -1.550201596336573e-11
19545 15436 -4.147231307832265e-06
19546 15436 -2.070429821069063e-08
10910 15437 -1.033624441413417e-10
10911 15437 -8.312787549054087e-08
11935 15437 6.242350286543065e-08
11966 15437 -2.070429821069061e-08
11967 15437 -1.033624441413829e-10
13023 15437 2.067248882826831e-10
13024 15437 1.03832248115651e-07
13055 15437 4.140859642138117e-08
13056 15437 2.067248882827656e-10
14179 15437 8.266138017597178e-10
14180 15437 6.650226943603402e-07
15404 15437 2.857513710137595e-13
15405 15437 6.242366360057754e-08
15436 15437 1.656343856855245e-07
15437 15437 8.268995531310616e-10
16700 15437 2.067248882826833e-10
16701 15437 1.038323969444895e-07
16732 15437 4.14085964213812e-08
16733 15437 2.067248882827657e-10
18069 15437 -1.03291006298921e-10
18070 15437 -8.312779809954502e-08
19513 15437 -7.143784242078224e-14
19514 15437 -7.739099595584743e-14
19545 15437 -2.070429821069063e-08
19546 15437 -1.03362444141383e-10
14179 16700 2.066534504398473e-10
14180 16700 1.66255673590019e-07
15404 16700 7.143784275341148e-14
15405 16700 4.993869096835376e-07
15436 16700 4.140859642136467e-08
15437 16700 2.067248882826832e-10
16700 16700 1.653799106260814e-09
16701 16700 8.30659175555588e-07
16732 16700 3.312687713709189e-07
16733 16700 1.653799106261474e-09
18069 16700 2.065820125977595e-10
18070 16700 1.662555961990236e-07
19513 16700 1.428756848415074e-13
19514 16700 1.547819919116331e-13
19545 16700 4.140859642136473e-08
19546 16700 2.067248882826836e-10
14179 16701 1.037965156216559e-07
14180 16701 8.350578993114092e-05
15404 16701 3.58813227920926e-11
15405 16701 0.0002508287234589668
15436 16701 2.079843339742399e-05
15437 16701 1.038323969444894e-07
16700 16701 8.306591755555879e-07
16701 16701 0.0004172179458330612
16732 16701 0.0001663874671793927
16733 16701 8.306591755559194e-07
18069 16701 1.037606342991981e-07
18070 16701 8.350575105970838e-05
19513 16701 7.176264525001497e-11
19514 16701 7.774286568751622e-11
19545 16701 2.079843339742402e-05
19546 16701 1.038323969444896e-07
14179 16732 4.139428686810108e-08
14180 16732 3.330229924245976e-05
15404 16732 1.43095532635869e-11
15405 16732 0.0001000310662784311
15436 16732 8.294462615664516e-06
15437 16732 4.14085964213812e-08
16700 16732 3.312687713709189e-07
16701 16732 0.0001663874671793927
16732 16732 6.635570092531643e-05
16733 16732 3.312687713710511e-07
18069 16732 4.137997731497082e-08
18070 16732 3.330228374044392e-05
19513 16732 2.861910639390595e-11
19514 16732 3.100403192673144e-11
19545 16732 8.294462615664527e-06
19546 16732 4.140859642138126e-08
14179 16733 2.066534504399298e-10
14180 16733 1.662556735900853e-07
15404 16733 7.143784275343998e-14
15405 16733 4.993869096837368e-07
15436 16733 4.14085964213812e-08
15437 16733 2.067248882827657e-10
16700 16733 1.653799106261474e-09
16701 16733 8.306591755559196e-07
16732 16733 3.312687713710511e-07
16733 16733 1.653799106262134e-09
18069 16733 2.06582012597842e-10
18070 16733  1.6625559619909e-07
19513 16733 1.428756848415644e-13
19514 16733 1.547819919116948e-13
19545 16733 4.140859642138126e-08
19546 16733 2.06724888282766e-10
14179 18069 -1.032553120642517e-10
14180 18069 -8.307038388399272e-08
15404 18069 -3.569423462807145e-14
15405 18069 6.238017213754152e-08
15436 18069 -2.068998865748542e-08
15437 18069 -1.03291006298921e-10
16700 18069 2.065820125977595e-10
16701 18069 1.037606342991981e-07
16732 18069 4.137997731497082e-08
16733 18069 2.065820125978419e-10
18069 18069 8.25756450450274e-10
18070 18069 6.645623656117326e-07
19513 18069 5.711074109830544e-13
19514 18069 6.238097823170165e-08
19545 18069 1.65519810602353e-07
19546 18069 8.263275578615868e-10
21034 18069 2.065817663328687e-10
21035 18069 1.037602875182135e-07
21066 18069 4.137992798620563e-08
21067 18069 2.065817663329512e-10
22634 18069 -1.032908831664344e-10
22635 18069  -8.307032352511e-08
22666 18069 -7.733741544708894e-14
22667 18069 -7.138838348962056e-14
24347 18069 -2.068988665568738e-08
24348 18069 -1.032194947829863e-10
14179 18070 -8.309907165724161e-08
14180 18070 -6.685439852891025e-05
15404 18070 -2.872644227023188e-11
15405 18070 5.020307711842463e-05
15436 18070 -1.665114187022197e-05
15437 18070 -8.312779809954502e-08
16700 18070 1.662555961990236e-07
16701 18070 8.350575105970838e-05
16732 18070 3.330228374044393e-05
16733 18070  1.6625559619909e-07
18069 18070 6.645623656117326e-07
18070 18070 0.0005348346204823954
19513 18070 4.596228002267914e-10
19514 18070 5.020372585673199e-05
19545 18070 0.000133209055562963
19546 18070 6.650219884122249e-07
21034 18070 1.662553980069559e-07
21035 18070 8.350547197307048e-05
21066 18070 3.330224404103755e-05
21067 18070 1.662553980070222e-07
22634 18070 -8.312769900347797e-08
22635 18070 -6.685434995255112e-05
22666 18070 -6.224055014258681e-11
22667 18070 -5.745281551623397e-11
24347 18070 -1.665105977996863e-05
24348 18070 -8.307024618799516e-08
14179 19513 -7.141315567211938e-14
14180 19513 -5.745291101690574e-11
15404 19513 -2.468674863435069e-17
15405 19513 4.314320352777425e-11
15436 19513 -1.430955319695298e-11
15437 19513 -7.143784242078224e-14
16700 19513 1.428756848415074e-13
16701 19513 7.176264525001497e-11
16732 19513 2.861910639390595e-11
16733 19513 1.428756848415644e-13
18069 19513 5.711074109830544e-13
18070 19513 4.596228002267914e-10
19513 19513 3.949877408791838e-16
19514 19513 4.314376103640595e-11
19545 19513 1.144763573423733e-10
19546 19513 5.715023987241618e-13
21034 19513 1.428755145204592e-13
21035 19513 7.17624054103017e-11
21066 19513 2.861907227728068e-11
21067 19513 1.428755145205163e-13
22634 19513 -7.143775726022964e-14
22635 19513 -5.745286927166086e-11
22666 19513 -5.348789111368569e-17
22667 19513 -4.937343795109448e-17
24347 19513 -1.430948265074923e-11
24348 19513 -7.138838382230728e-14
14179 19514 -7.736425197812932e-14
14180 19514 -6.224065360164788e-11
15404 19514 -2.674397768721325e-17
15405 19514 4.673847048842211e-11
15436 19514 -1.550201596336573e-11
15437 19514 -7.739099595584743e-14
16700 19514 1.547819919116331e-13
16701 19514 7.774286568751622e-11
16732 19514 3.100403192673144e-11
16733 19514 1.547819919116948e-13
18069 19514 6.238097823170165e-08
18070 19514 5.020372585673199e-05
19513 19514 4.314376103640595e-11
19514 19514 0.0001507975475259839
19545 19514 1.250403517462143e-05
19546 19514 6.242412199276297e-08
21034 19514 4.993881777029242e-07
21035 19514 0.0002508288210594494
21066 19514 0.0001000313202725364
21067 19514 4.993881777031236e-07
22634 19514 6.242342547423564e-08
22635 19514 5.020321243003417e-05
22666 19514 4.673855273124592e-11
22667 19514  4.3143279444227e-11
24347 19514 1.250384891801741e-05
24348 19514 6.23802821948165e-08
14179 19545 -2.069714343405058e-08
14180 19545 -1.665114962122991e-05
15404 19545 -7.154776631793463e-12
15405 19545 1.250387359604382e-05
15436 19545 -4.147231307832265e-06
15437 19545 -2.070429821069063e-08
16700 19545 4.140859642136473e-08
16701 19545 2.079843339742402e-05
16732 19545 8.294462615664528e-06
16733 19545 4.140859642138126e-08
18069 19545 1.65519810602353e-07
18070 19545 0.000133209055562963
19513 19545 1.144763573423733e-10
19514 19545 1.250403517462143e-05
19545 19545 3.317783068712294e-05
19546 19545 1.656342869597615e-07
21034 19545 4.14085470584829e-08
21035 19545 2.079836388646487e-05
21066 19545 8.294452727896932e-06
21067 19545 4.140854705849944e-08
22634 19545 -2.070427352924146e-08
22635 19545 -1.665113752251626e-05
22666 19545 -1.550199741134024e-11
22667 19545 -1.430953607200637e-11
24347 19545 -4.147210861951056e-06
24348 19545 -2.068996399317779e-08
14179 19546 -1.033267252199651e-10
14180 19546 -8.312783679504281e-08
15404 19546 -3.571892137672006e-14
15405 19546 6.242331534109422e-08
15436 19546 -2.070429821069063e-08
15437 19546 -1.03362444141383e-10
16700 19546 2.067248882826836e-10
16701 19546 1.038323969444896e-07
16732 19546 4.140859642138126e-08
16733 19546 2.06724888282766e-10
18069 19546 8.263275578615868e-10
18070 19546 6.650219884122249e-07
19513 19546 5.715023987241618e-13
19514 19546 6.242412199276297e-08
19545 19546 1.656342869597615e-07
19546 19546 8.268990602606411e-10
21034 19546 2.067246418474717e-10
21035 19546 1.038320499236653e-07
21066 19546 4.140854705849944e-08
21067 19546 2.067246418475542e-10
22634 19546 -1.033623209237359e-10
22635 19546 -8.312777639441484e-08
22666 19546 -7.739090333823354e-14
22667 19546 -7.143775692760018e-14
24347 19546 -2.070419613834639e-08
24348 19546 -1.032908831668499e-10
18069 21034 2.065817663328687e-10
18070 21034 1.662553980069559e-07
19513 21034 1.428755145204592e-13
19514 21034 4.993881777029243e-07
19545 21034 4.14085470584829e-08
19546 21034 2.067246418474717e-10
21034 21034 1.653797134779118e-09
21035 21034 8.306563993889929e-07
21066 21034 3.312683764678642e-07
21067 21034 1.653797134779778e-09
22634 21034 2.067246418473888e-10
22635 21034 1.662555527887629e-07
22666 21034 1.547818066764049e-13
22667 21034 1.42875513855143e-13
24347 21034 4.140839227667615e-08
24348 21034 2.065817663336168e-10
18069 21035 1.037602875182135e-07
18070 21035 8.350547197307047e-05
19513 21035 7.17624054103017e-11
19514 21035 0.0002508288210594494
19545 21035 2.079836388646487e-05
19546 21035 1.038320499236653e-07
21034 21035 8.306563993889927e-07
21035 21035 0.0004172156544085689
21066 21035 0.0001663869110917194
21067 21035 8.306563993893244e-07
22634 21035 1.038320499236236e-07
22635 21035 8.350554971567617e-05
22666 21035 7.774260549914281e-11
22667 21035 7.176240507613182e-11
24347 21035 2.079828614385933e-05
24348 21035 1.037602875185893e-07
18069 21066 4.137992798620563e-08
18070 21066 3.330224404103755e-05
19513 21066 2.861907227728068e-11
19514 21066 0.0001000313202725364
19545 21066 8.294452727896932e-06
19546 21066 4.140854705849944e-08
21034 21066 3.312683764678642e-07
21035 21066 0.0001663869110917194
21066 21066 6.635562182317562e-05
21067 21066 3.312683764679964e-07
22634 21066 4.140854705848283e-08
22635 21066 3.330227504503245e-05
22666 21066 3.100399482268042e-11
22667 21066 2.861907214401269e-11
24347 21066 8.294421723902094e-06
24348 21066 4.137992798635547e-08
18069 21067 2.065817663329512e-10
18070 21067 1.662553980070222e-07
19513 21067 1.428755145205163e-13
19514 21067 4.993881777031236e-07
19545 21067 4.140854705849944e-08
19546 21067 2.067246418475542e-10
21034 21067 1.653797134779778e-09
21035 21067 8.306563993893244e-07
21066 21067 3.312683764679964e-07
21067 21067 1.653797134780438e-09
22634 21067 2.067246418474714e-10
22635 21067 1.662555527888293e-07
22666 21067 1.547818066764667e-13
22667 21067   1.428755138552e-13
24347 21067 4.140839227669269e-08
24348 21067 2.065817663336993e-10
18069 22634 -1.032908831664344e-10
18070 22634 -8.312769900347797e-08
19513 22634 -7.143775726022965e-14
19514 22634 6.242342547423562e-08
19545 22634 -2.070427352924146e-08
19546 22634 -1.033623209237359e-10
21034 22634 2.067246418473888e-10
21035 22634 1.038320499236236e-07
21066 22634 4.140854705848284e-08
21067 22634 2.067246418474713e-10
22634 22634 8.268990602599787e-10
22635 22634 6.650226075395561e-07
22666 22634 6.191275957345556e-13
22667 22634 5.715023960626665e-13
24316 22634 6.242380052308185e-08
24347 22634 1.656336678320992e-07
24348 22634 8.263275578642486e-10
26079 22634 2.067248882826009e-10
26080 22634 1.038319504579335e-07
26111 22634 4.140859642136471e-08
26112 22634 2.067248882826834e-10
27928 22634 -1.033624441413004e-10
27929 22634 -8.312787549050766e-08
27960 22634 -3.869549779771798e-14
27961 22634 -3.571892104404736e-14
29896 22634 -2.070425951518454e-08
29897 22634 -1.033267252202979e-10
18069 22635  -8.307032352511e-08
18070 22635 -6.685434995255113e-05
19513 22635 -5.745286927166086e-11
19514 22635 5.020321243003416e-05
19545 22635 -1.665113752251626e-05
19546 22635 -8.312777639441484e-08
21034 22635 1.662555527887629e-07
21035 22635 8.350554971567617e-05
21066 22635 3.330227504503245e-05
21067 22635 1.662555527888293e-07
22634 22635 6.650226075395561e-07
22635 22635 0.0005348356163322578
22666 22635 4.97925161489046e-10
22667 22635 4.596232259898886e-10
24316 22635 5.020351405809695e-05
24347 22635 0.0001332086816538549
24348 22635 6.645629843138337e-07
26079 22635 1.662557509810154e-07
26080 22635 8.350546972171346e-05
26111 22635 3.330231474447582e-05
26112 22635 1.662557509810818e-07
27928 22635 -8.312787549050766e-08
27929 22635 -6.685449188990517e-05
27960 22635 -3.112034114222954e-11
27961 22635 -2.872646874667342e-11
29896 22635 -1.665112625189676e-05
29897 22635 -8.309914902179442e-08
18069 22666 -7.733741544708894e-14
18070 22666 -6.224055014258683e-11
19513 22666 -5.34878911136857e-17
19514 22666 4.673855273124591e-11
19545 22666 -1.550199741134024e-11
19546 22666 -7.739090333823354e-14
21034 22666 1.547818066764049e-13
21035 22666 7.774260549914281e-11
21066 22666 3.100399482268042e-11
21067 22666 1.547818066764667e-13
22634 22666 6.191275957345556e-13
22635 22666 4.97925161489046e-10
22666 22666 4.635619971312279e-16
22667 22666 4.279033819672872e-16
24316 22666 4.673883354313894e-11
24347 22666 1.240155896480789e-10
24348 22666 6.186996923528372e-13
26079 22666 1.547819911908731e-13
26080 22666 7.774253102578017e-11
26111 22666 3.100403178235765e-11
26112 22666 1.547819911909349e-13
27928 22666 -7.739099559543652e-14
27929 22666 -6.224068228445953e-11
27960 22666 -2.897264208973783e-17
27961 22666 -2.674397731360415e-17
29896 22666 -1.550198691853672e-11
29897 22666 -7.736425161815404e-14
18069 22667 -7.138838348962056e-14
18070 22667 -5.745281551623397e-11
19513 22667 -4.937343795109448e-17
19514 22667  4.3143279444227e-11
19545 22667 -1.430953607200637e-11
19546 22667 -7.143775692760017e-14
21034 22667 1.42875513855143e-13
21035 22667 7.176240507613182e-11
21066 22667 2.861907214401269e-11
21067 22667 1.428755138552001e-13
22634 22667 5.715023960626666e-13
22635 22667 4.596232259898886e-10
22666 22667 4.279033819672872e-16
22667 22667 3.949877372005728e-16
24316 22667 4.314353865520517e-11
24347 22667 1.14475928905919e-10
24348 22667 5.711074083256958e-13
26079 22667 1.428756841761906e-13
26080 22667 7.17623363314894e-11
26111 22667 2.861910626063783e-11
26112 22667 1.428756841762476e-13
27928 22667 -7.143784208809523e-14
27929 22667 -5.745293749334726e-11
27960 22667 -2.674397731360415e-17
27961 22667 -2.468674828948076e-17
29896 22667 -1.430952638634159e-11
29897 22667 -7.14131553398345e-14
22634 24316 6.242380052308185e-08
22635 24316 5.020351405809695e-05
22666 24316 4.673883354313893e-11
22667 24316 4.314353865520516e-11
24316 24316 0.0001507987123995849
24347 24316 1.250392404292563e-05
24348 24316 6.238065698445174e-08
26079 24316 4.99390404184657e-07
26080 24316 0.0002508294000651923
26111 24316 0.0001000317662540738
26112 24316 4.993904041848563e-07
27928 24316 6.242380052308179e-08
27929 24316 5.02035140580969e-05
27960 24316 2.336941677156927e-11
27961 24316 2.157176932760241e-11
29896 24316 1.250394741234239e-05
29897 24316 6.240222875377929e-08
18069 24347 -2.068988665568738e-08
18070 24347 -1.665105977996863e-05
19513 24347 -1.430948265074923e-11
19514 24347 1.25038489180174e-05
19545 24347 -4.147210861951056e-06
19546 24347 -2.070419613834639e-08
21034 24347 4.140839227667616e-08
21035 24347 2.079828614385933e-05
21066 24347 8.294421723902094e-06
21067 24347 4.140839227669268e-08
22634 24347 1.656336678320992e-07
22635 24347 0.0001332086816538549
22666 24347 1.240155896480789e-10
22667 24347 1.14475928905919e-10
24316 24347 1.250392404292563e-05
24347 24347 3.317758265547999e-05
24348 24347 1.655191919032599e-07
26079 24347 4.140844163937351e-08
26080 24347 2.079826622018561e-05
26111 24347 8.29443161163274e-06
26112 24347 4.140844163939005e-08
27928 24347 -2.070422081968674e-08
27929 24347 -1.665109513155561e-05
27960 24347 -7.75097897294726e-12
27961 24347 -7.154749821182088e-12
29896 24347 -4.147208054837394e-06
29897 24347 -2.069706606987389e-08
18069 24348 -1.032194947829863e-10
18070 24348 -8.307024618799516e-08
19513 24348 -7.138838382230728e-14
19514 24348 6.23802821948165e-08
19545 24348 -2.068996399317778e-08
19546 24348 -1.032908831668499e-10
21034 24348 2.065817663336168e-10
21035 24348 1.037602875185893e-07
21066 24348 4.137992798635548e-08
21067 24348 2.065817663336993e-10
22634 24348 8.263275578642486e-10
22635 24348 6.645629843138337e-07
22666 24348 6.186996923528372e-13
22667 24348 5.711074083256958e-13
24316 24348 6.238065698445174e-08
24347 24348 1.655191919032599e-07
24348 24348 8.257564504562551e-10
26079 24348 2.065820125985078e-10
26080 24348 1.037601881216438e-07
26111 24348 4.137997731512072e-08
26112 24348 2.065820125985903e-10
27928 24348 -1.032910062992538e-10
27929 24348 -8.307042255304774e-08
27960 24348 -3.866875382041993e-14
27961 24348 -3.569423429577225e-14
29896 24348 -2.068994998880653e-08
29897 24348 -1.032553120649996e-10
22634 26079 2.067248882826009e-10
22635 26079 1.662557509810154e-07
22666 26079 1.547819911908731e-13
22667 26079 1.428756841761905e-13
24316 26079 4.993904041846571e-07
24347 26079 4.140844163937351e-08
24348 26079 2.065820125985078e-10
26079 26079 1.653799106260814e-09
26080 26079 8.306556036634718e-07
26111 26079 3.312687713709191e-07
26112 26079 1.653799106261475e-09
27928 26079 2.067248882826007e-10
27929 26079 1.662557509810153e-07
27960 26079 7.739099559543592e-14
27961 26079 7.14378420880947e-14
29896 26079 4.140851903036907e-08
29897 26079 2.066534504405958e-10
22634 26080 1.038319504579335e-07
22635 26080 8.350546972171345e-05
22666 26080 7.774253102578018e-11
22667 26080 7.17623363314894e-11
24316 26080 0.0002508294000651924
24347 26080 2.079826622018561e-05
24348 26080 1.037601881216438e-07
26079 26080 8.306556036634719e-07
26080 26080 0.0004172143577085181
26111 26080 0.0001663867517017338
26112 26080 8.306556036638035e-07
27928 26080 1.038319504579334e-07
27929 26080 8.350546972171338e-05
27960 26080 3.887126551288977e-11
27961 26080 3.588116816574441e-11
29896 26080 2.079830509145111e-05
29897 26080 1.037960692898094e-07
22634 26111 4.140859642136471e-08
22635 26111 3.330231474447582e-05
22666 26111 3.100403178235765e-11
22667 26111 2.861910626063783e-11
24316 26111 0.0001000317662540738
24347 26111 8.29443161163274e-06
24348 26111 4.137997731512073e-08
26079 26111 3.312687713709191e-07
26080 26111 0.0001663867517017338
26111 26111 6.635570092531647e-05
26112 26111 3.312687713710513e-07
27928 26111 4.140859642136466e-08
27929 26111 3.330231474447578e-05
27960 26111 1.550201589117869e-11
27961 26111 1.43095531303188e-11
29896 26111 8.294447113648623e-06
29897 26111  4.1394286868251e-08
22634 26112 2.067248882826834e-10
22635 26112 1.662557509810818e-07
22666 26112 1.547819911909349e-13
22667 26112 1.428756841762476e-13
24316 26112 4.993904041848564e-07
24347 26112 4.140844163939005e-08
24348 26112 2.065820125985903e-10
26079 26112 1.653799106261475e-09
26080 26112 8.306556036638035e-07
26111 26112 3.312687713710513e-07
26112 26112 1.653799106262135e-09
27928 26112 2.067248882826832e-10
27929 26112 1.662557509810816e-07
27960 26112 7.739099559546681e-14
27961 26112 7.143784208812322e-14
29896 26112 4.14085190303856e-08
29897 26112 2.066534504406782e-10
22634 27928 -1.033624441413004e-10
22635 27928 -8.312787549050766e-08
22666 27928 -7.739099559543651e-14
22667 27928 -7.143784208809523e-14
24316 27928 6.242380052308179e-08
24347 27928 -2.070422081968674e-08
24348 27928 -1.032910062992539e-10
26079 27928 2.067248882826007e-10
26080 27928 1.038319504579334e-07
26111 27928 4.140859642136466e-08
26112 27928 2.067248882826832e-10
27928 27928 8.268995531304015e-10
27929 27928  6.6502300392406e-07
27960 27928 3.095639823817432e-13
27961 27928 2.857513683523784e-13
29865 27928 6.242365169424409e-08
29896 27928 1.65634076121476e-07
29897 27928 8.266138017623818e-10
31889 27928 2.067248882826006e-10
31890 27928 1.038320992867712e-07
31921 27928 4.140859642136465e-08
31922 27928 2.067248882826831e-10
34005 27928 -1.033624441413004e-10
34006 27928 -8.312787549050767e-08
36246 27928 -2.070429821068234e-08
36247 27928 -1.033624441413417e-10
22634 27929 -8.312787549050767e-08
22635 27929 -6.685449188990517e-05
22666 27929 -6.224068228445953e-11
22667 27929 -5.745293749334726e-11
24316 27929 5.020351405809691e-05
24347 27929 -1.665109513155562e-05
24348 27929 -8.307042255304774e-08
26079 27929 1.662557509810153e-07
26080 27929 8.350546972171338e-05
26111 27929 3.330231474447578e-05
26112 27929 1.662557509810816e-07
27928 27929 6.650230039240601e-07
27929 27929 0.0005348359351192404
27960 27929 2.489627291378358e-10
27961 27929 2.29811749973387e-10
29865 27929 5.020339436447712e-05
29896 27929 0.0001332090100151738
29897 27929 6.647931921743542e-07
31889 27929 1.662557509810152e-07
31890 27929 8.350558941533324e-05
31921 27929 3.330231474447578e-05
31922 27929 1.662557509810816e-07
34005 27929 -8.312787549050769e-08
34006 27929 -6.68544918899052e-05
36246 27929 -1.665115737223791e-05
36247 27929 -8.312787549054087e-08
22634 27960 -3.869549779771798e-14
22635 27960 -3.112034114222954e-11
22666 27960 -2.897264208973783e-17
22667 27960 -2.674397731360415e-17
24316 27960 2.336941677156928e-11
24347 27960 -7.750978972947262e-12
24348 27960 -3.866875382041993e-14
26079 27960 7.739099559543592e-14
26080 27960 3.887126551288977e-11
26111 27960 1.55020158911787e-11
26112 27960 7.739099559546682e-14
27928 27960 3.095639823817432e-13
27929 27960 2.489627291378358e-10
27960 27960 1.158905683589503e-16
27961 27960 1.069759092544156e-16
29865 27960 2.336936105494987e-11
29896 27960 6.200794767414633e-11
29897 27960 3.094570064726133e-13
31889 27960 7.73909955954359e-14
31890 27960 3.887132122950921e-11
31921 27960 1.550201589117869e-11
31922 27960 7.73909955954668e-14
34005 27960 -3.869549779771799e-14
34006 27960 -3.112034114222955e-11
36246 27960 -7.751007945589353e-12
36247 27960 -3.869549779773344e-14
22634 27961 -3.571892104404737e-14
22635 27961 -2.872646874667343e-11
22666 27961 -2.674397731360415e-17
22667 27961 -2.468674828948076e-17
24316 27961 2.157176932760241e-11
24347 27961 -7.154749821182088e-12
24348 27961 -3.569423429577226e-14
26079 27961 7.14378420880947e-14
26080 27961 3.588116816574441e-11
26111 27961 1.43095531303188e-11
26112 27961 7.143784208812322e-14
27928 27961 2.857513683523784e-13
27929 27961 2.29811749973387e-10
27960 27961 1.069759092544156e-16
27961 27961 9.874699315792213e-17
29865 27961 2.15717178968768e-11
29896 27961 5.723810554536584e-11
29897 27961 2.856526213593354e-13
31889 27961 7.143784208809468e-14
31890 27961 3.588121959647004e-11
31921 27961 1.430955313031879e-11
31922 27961 7.14378420881232e-14
34005 27961 -3.571892104404738e-14
34006 27961 -2.872646874667343e-11
36246 27961 -7.154776565159403e-12
36247 27961 -3.571892104406163e-14
27928 29865 6.242365169424408e-08
27929 29865 5.020339436447711e-05
27960 29865 2.336936105494987e-11
27961 29865 2.15717178968768e-11
29865 29865 0.0001507979933414644
29896 29865 1.250391760082908e-05
29897 29865 6.240207997637232e-08
31889 29865 4.993892135539551e-07
31890 29865 0.0002508291615743546
31921 29865 0.0001000315277615216
31922 29865 4.993892135541542e-07
34005 29865 6.242365169424412e-08
34006 29865 5.020339436447714e-05
36246 29865 1.250394097019015e-05
36247 29865 6.242365169426904e-08
22634 29896 -2.070425951518454e-08
22635 29896 -1.665112625189676e-05
22666 29896 -1.550198691853672e-11
22667 29896 -1.430952638634159e-11
24316 29896 1.250394741234239e-05
24347 29896 -4.147208054837394e-06
24348 29896 -2.068994998880653e-08
26079 29896 4.140851903036907e-08
26080 29896 2.07983050914511e-05
26111 29896 8.294447113648623e-06
26112 29896 4.14085190303856e-08
27928 29896 1.65634076121476e-07
27929 29896 0.0001332090100151738
27960 29896 6.200794767414633e-11
27961 29896 5.723810554536584e-11
29865 29896 1.250391760082908e-05
29896 29896 3.317772644664677e-05
29897 29896 1.655768380159973e-07
31889 29896 4.140851903036906e-08
31890 29896 2.079833490296443e-05
31921 29896 8.294447113648621e-06
31922 29896 4.140851903038559e-08
34005 29896 -2.070425951518455e-08
34006 29896 -1.665112625189676e-05
36246 29896 -4.147223556824314e-06
36247 29896 -2.070425951519281e-08
22634 29897 -1.033267252202979e-10
22635 29897 -8.309914902179442e-08
22666 29897 -7.736425161815404e-14
22667 29897 -7.14131553398345e-14
24316 29897 6.24022287537793e-08
24347 29897 -2.069706606987389e-08
24348 29897 -1.032553120649996e-10
26079 29897 2.066534504405958e-10
26080 29897 1.037960692898094e-07
26111 29897  4.1394286868251e-08
26112 29897 2.066534504406782e-10
27928 29897 8.266138017623818e-10
27929 29897 6.647931921743542e-07
27960 29897 3.094570064726134e-13
27961 29897 2.856526213593354e-13
29865 29897 6.240207997637234e-08
29896 29897 1.655768380159973e-07
29897 29897 8.26328149141355e-10
31889 29897 2.066534504405957e-10
31890 29897 1.037962180672165e-07
31921 29897  4.1394286868251e-08
31922 29897 2.066534504406782e-10
34005 29897 -1.033267252202979e-10
34006 29897 -8.309914902179444e-08
36246 29897 -2.069714343412551e-08
36247 29897 -1.033267252203392e-10
27928 31889 2.067248882826006e-10
27929 31889 1.662557509810152e-07
27960 31889 7.739099559543591e-14
27961 31889 7.143784208809468e-14
29865 31889 4.99389213553955e-07
29896 31889 4.140851903036906e-08
29897 31889 2.066534504405957e-10
31889 31889 1.653799106260812e-09
31890 31889 8.306567942941733e-07
31921 31889 3.312687713709187e-07
31922 31889 1.653799106261472e-09
34005 31889 2.067248882826007e-10
34006 31889 1.662557509810153e-07
36246 31889 4.140859642136467e-08
36247 31889 2.067248882826833e-10
27928 31890 1.038320992867712e-07
27929 31890 8.350558941533324e-05
27960 31890 3.887132122950921e-11
27961 31890 3.588121959647004e-11
29865 31890 0.0002508291615743546
29896 31890 2.079833490296443e-05
29897 31890 1.037962180672165e-07
31889 31890 8.306567942941734e-07
31890 31890 0.0004172155537483146
31921 31890 0.000166386990194286
31922 31890 8.30656794294505e-07
34005 31890 1.038320992867713e-07
34006 31890 8.350558941533328e-05
36246 31890 2.079837377428567e-05
36247 31890 1.038320992868127e-07
27928 31921 4.140859642136465e-08
27929 31921 3.330231474447578e-05
27960 31921 1.550201589117869e-11
27961 31921 1.430955313031879e-11
29865 31921 0.0001000315277615216
29896 31921 8.294447113648621e-06
29897 31921  4.1394286868251e-08
31889 31921 3.312687713709187e-07
31890 31921 0.000166386990194286
31921 31921 6.63557009253164e-05
31922 31921 3.31268771371051e-07
34005 31921 4.140859642136468e-08
34006 31921 3.33023147444758e-05
36246 31921 8.294462615664516e-06
36247 31921 4.14085964213812e-08
27928 31922 2.067248882826831e-10
27929 31922 1.662557509810816e-07
27960 31922 7.73909955954668e-14
27961 31922 7.14378420881232e-14
29865 31922 4.993892135541542e-07
29896 31922 4.140851903038559e-08
29897 31922 2.066534504406782e-10
31889 31922 1.653799106261473e-09
31890 31922 8.30656794294505e-07
31921 31922 3.31268771371051e-07
31922 31922 1.653799106262133e-09
34005 31922 2.067248882826832e-10
34006 31922 1.662557509810817e-07
36246 31922 4.14085964213812e-08
36247 31922 2.067248882827658e-10
27928 34005 -1.033624441413004e-10
27929 34005 -8.312787549050769e-08
27960 34005 -3.869549779771799e-14
27961 34005 -3.571892104404737e-14
29865 34005 6.242365169424412e-08
29896 34005 -2.070425951518455e-08
29897 34005 -1.033267252202979e-10
31889 34005 2.067248882826007e-10
31890 34005 1.038320992867713e-07
31921 34005 4.140859642136467e-08
31922 34005 2.067248882826833e-10
34005 34005 8.26899553130403e-10
34006 34005 6.650230039240612e-07
36215 34005 6.24235028654058e-08
36246 34005 1.656343856854587e-07
36247 34005 8.26899553130733e-10
38518 34005 2.067248882826009e-10
38519 34005 1.038322481156097e-07
38550 34005 4.14085964213647e-08
38551 34005 2.067248882826834e-10
40919 34005 -1.033267252199237e-10
40920 34005 -8.312783679500952e-08
43419 34005 -3.571892137670575e-14
43420 34005 -3.86954981580979e-14
43451 34005 -2.070429821068235e-08
43452 34005 -1.033624441413417e-10
27928 34006 -8.312787549050769e-08
27929 34006 -6.68544918899052e-05
27960 34006 -3.112034114222955e-11
27961 34006 -2.872646874667343e-11
29865 34006 5.020339436447714e-05
29896 34006 -1.665112625189676e-05
29897 34006 -8.309914902179444e-08
31889 34006 1.662557509810153e-07
31890 34006 8.350558941533328e-05
31921 34006 3.33023147444758e-05
31922 34006 1.662557509810817e-07
34005 34006 6.650230039240612e-07
34006 34006 0.0005348359351192413
36215 34006 5.020327467085685e-05
36246 34006 0.0001332092589779032
36247 34006 6.650230039243266e-07
38518 34006 1.662557509810154e-07
38519 34006 8.350570910895364e-05
38550 34006 3.330231474447581e-05
38551 34006 1.662557509810818e-07
40919 34006 -8.309914902149348e-08
40920 34006 -6.685446076956376e-05
43419 34006 -2.872646901420953e-11
43420 34006 -3.112034143206031e-11
43451 34006 -1.665115737223791e-05
43452 34006 -8.312787549054087e-08
34005 36215 6.242350286540582e-08
34006 36215 5.020327467085686e-05
36215 36215 0.0001507972742850551
36246 36215  1.2503911158621e-05
36247 36215 6.242350286543074e-08
38518 36215 4.993880229232483e-07
38519 36215 0.0002508289230818015
38550 36215 0.0001000312892689684
38551 36215 4.993880229234477e-07
40919 36215 6.24019311987387e-08
40920 36215 5.020325130155124e-05
43419 36215 2.157166666705277e-11
43420 36215 2.336930555597383e-11
43451 36215 1.250391115862098e-05
43452 36215 6.242350286543065e-08
27928 36246 -2.070429821068234e-08
27929 36246 -1.66511573722379e-05
27960 36246 -7.751007945589353e-12
27961 36246 -7.154776565159403e-12
29865 36246 1.250394097019015e-05
29896 36246 -4.147223556824314e-06
29897 36246 -2.069714343412551e-08
31889 36246 4.140859642136467e-08
31890 36246 2.079837377428567e-05
31921 36246 8.294462615664516e-06
31922 36246 4.14085964213812e-08
34005 36246 1.656343856854587e-07
34006 36246 0.0001332092589779032
36215 36246  1.2503911158621e-05
36246 36246 3.317785046265806e-05
36247 36246 1.656343856855248e-07
38518 36246 4.14085964213647e-08
38519 36246 2.079840358585484e-05
38550 36246 8.294462615664521e-06
38551 36246 4.140859642138123e-08
40919 36246 -2.069714343405055e-08
40920 36246 -1.665114962122989e-05
43419 36246 -7.154776631793455e-12
43420 36246 -7.75100801777624e-12
43451 36246 -4.14723130783226e-06
43452 36246 -2.070429821069061e-08
27928 36247 -1.033624441413417e-10
27929 36247 -8.312787549054087e-08
27960 36247 -3.869549779773343e-14
27961 36247 -3.571892104406163e-14
29865 36247 6.242365169426904e-08
29896 36247 -2.070425951519281e-08
29897 36247 -1.033267252203392e-10
31889 36247 2.067248882826832e-10
31890 36247 1.038320992868127e-07
31921 36247 4.14085964213812e-08
31922 36247 2.067248882827658e-10
34005 36247 8.268995531307329e-10
34006 36247 6.650230039243266e-07
36215 36247 6.242350286543072e-08
36246 36247 1.656343856855248e-07
36247 36247 8.26899553131063e-10
38518 36247 2.067248882826834e-10
38519 36247 1.038322481156511e-07
38550 36247 4.140859642138122e-08
38551 36247 2.067248882827659e-10
40919 36247 -1.03326725219965e-10
40920 36247 -8.312783679504272e-08
43419 36247 -3.571892137672002e-14
43420 36247 -3.869549815811334e-14
43451 36247 -2.070429821069061e-08
43452 36247 -1.033624441413829e-10
34005 38518 2.067248882826008e-10
34006 38518 1.662557509810154e-07
36215 38518 4.993880229232483e-07
