%%MatrixMarket matrix coordinate real general
6000 6000 2883
1821 1821 0.009095059275490296
1822 1821 0.004547529637745159
2021 1821  0.06656636601036534
2022 1821  0.02330355322045939
2031 1821  0.03230996043502312
2032 1821  0.01615498021751161
2239 1821  0.03694629406584182
2240 1821  0.01810151199257493
1821 1822 0.004547529637745159
1822 1822   0.0181901185509806
1823 1822  0.00454752963774516
2021 1822  0.05656898583620381
2022 1822   0.1053580871931095
2023 1822   0.0178127654323362
2031 1822   0.0161549802175116
2032 1822   0.0646199208700463
2033 1822  0.01615498021751161
2239 1822  0.01934029546039502
2240 1822  0.07406386009245329
2241 1822  0.01669145656398522
1822 1823  0.00454752963774516
1823 1823   0.0181901185509806
1824 1823 0.004547529637745161
2021 1823 0.006653086523148894
2022 1823  0.07187905046554768
2023 1823  0.08818268438356314
2024 1823  0.01302501708938979
2032 1823  0.01615498021751161
2033 1823   0.0646199208700463
2034 1823  0.01615498021751161
2239 1823 0.0002477566935640199
2240 1823  0.02473276048118984
2241 1823  0.07053673325186094
2242 1823  0.01457836169021872
1823 1824 0.004547529637745161
1824 1824  0.01819011855098061
1825 1824 0.004547529637745162
2022 1824   0.0121438743112721
2023 1824  0.08553925604921009
2024 1824  0.07324709504131488
2025 1824 0.008809613059852502
2033 1824  0.01615498021751161
2034 1824  0.06461992087004631
2035 1824  0.01615498021751162
2240 1824 0.001657812122153733
2241 1824  0.03177508454766612
2242 1824  0.06476979294397062
2243 1824  0.01189292250304309
1824 1825 0.004547529637745162
1825 1825  0.01819012024506745
1826 1825  0.00454753048478858
2023 1825  0.01693162265421851
2024 1825  0.09761313170229434
2025 1825  0.06008453915728535
2026 1825 0.005110561687428642
2034 1825  0.01615498021751161
2035 1825  0.06461992688824555
2036 1825  0.01615498322661122
2241 1825 0.003770906995920236
2242 1825  0.04040374882777854
2243 1825  0.05722982174862851
2244 1825  0.00869114479795936
1825 1826 0.004547530484788581
1826 1826  0.01951077897184603
1827 1826 0.006085416691153431
1828 1826 0.0003492024339853337
2024 1826  0.02114703062269655
2025 1826   0.1111149310786936
2026 1826  0.06149454146917119
2027 1826 0.007020127280436003
2028 1826 9.411674982648768e-05
2035 1826  0.01615498322661123
2036 1826  0.06767076780592567
2037 1826  0.02290492817562101
2038 1826 0.001594652841090599
2242 1826 0.006456347385684076
2243 1826   0.0516608730248266
2244 1826  0.05427322008248549
2245 1826  0.01025253906764512
2246 1826 0.000395897400177911
1826 1827 0.006085416691153431
1827 1827  0.01913617896472049
1828 1827 0.007759427651474733
1829 1827 0.0005596568944791394
2025 1827  0.02192507403461302
2026 1827   0.1111667948748426
2027 1827  0.07564894740532709
2028 1827  0.01219154317284345
2029 1827  1.5309598909323e-05
2036 1827  0.01729213502218536
2037 1827  0.06547010142917001
2038 1827  0.03262009355376171
2039 1827 0.003770060040894942
2243 1827 0.008522677429635691
2244 1827  0.05641311690487794
2245 1827  0.05639332729287658
2246 1827  0.01356565040013148
2247 1827 0.000441773738095615
1826 1828 0.0003492024339853337
1827 1828 0.007759427651474733
1828 1828  0.01916448614324801
1829 1828 0.007992276001074541
1830 1828 0.0001598374631282031
2026 1828  0.01797089019501938
2027 1828  0.09658208225332937
2028 1828  0.09933949977257615
2029 1828  0.01946957888849877
2036 1828 0.0005116098409863613
2037 1828   0.0184809481853597
2038 1828  0.06128013971095073
2039 1828  0.04128217957905408
2040 1828 0.004292325556095776
2244 1828 0.008212943931659783
2245 1828  0.05258060966295518
2246 1828  0.06618983711382881
2247 1828  0.01595730669968049
1827 1829 0.0005596568944791394
1828 1829 0.007992276001074541
1829 1829  0.02160394034755238
1830 1829 0.001024916085085015
2027 1829  0.01034574583651839
2028 1829  0.07102358399552949
2029 1829   0.1240326680071823
2037 1829 0.0009193341457831557
2038 1829  0.01731114825059156
2039 1829   0.0650150377609017
2040 1829  0.02752341922078339
2245 1829 0.005316128662825579
2246 1829  0.04157649113906357
2247 1829  0.07892177324351017
1828 1830 0.0001598374631282031
1829 1830 0.001024916085085015
1830 1830 5.398915325754458e-05
2028 1830 0.001629627621215569
2029 1830 0.006530532245578311
2038 1830 0.0002879177898887567
2039 1830 0.002662841571619181
2040 1830  0.00144984171885571
2246 1830 0.0009302709148863306
2247 1830 0.004068052234811941
1821 2021  0.06656636601036534
1822 2021   0.0565689858362038
1823 2021 0.006653086523148893
2021 2021   0.5381940543797925
2022 2021   0.3129143047782609
2023 2021  0.02606027427600234
2031 2021   0.2364752759659424
2032 2021   0.2009598441147707
2033 2021  0.02363491603765697
2229 2021   0.1959832301609655
2230 2021  0.01298470776183282
2231 2021 0.004091512517295154
2239 2021   0.2911494933353193
2240 2021   0.2955056524609992
2241 2021  0.02441978690932466
2443 2021  0.04260486662291289
2444 2021  0.04352415582998059
2445 2021  0.01253087665516634
2453 2021   0.1128249044276849
2454 2021  0.05194473066273415
2455 2021  0.02571181943171852
2671 2021   0.0220909290287003
2672 2021   0.0243200886641524
2673 2021 0.009642019487029668
1821 2022  0.02330355322045939
1822 2022   0.1053580871931095
1823 2022  0.07187905046554767
1824 2022   0.0121438743112721
2021 2022   0.3129143047782609
2022 2022    0.733485838670888
2023 2022   0.3267664603011537
2024 2022  0.03478243860641436
2031 2022    0.082785263926486
2032 2022   0.3742818518943161
2033 2022   0.2553484486799763
2034 2022  0.04314079618837267
2229 2022  0.06092644625496447
2230 2022 0.004036631598213627
2231 2022 0.001271952285314193
2239 2022   0.1058233544985584
2240 2022   0.4666936616662676
2241 2022   0.2738980432289692
2242 2022  0.03893054166394888
2443 2022  0.01324482260226486
2444 2022  0.01353060738304012
2445 2022 0.003895546483398259
2453 2022   0.0350745340312488
2454 2022  0.01614836044059662
2455 2022 0.007993182801596456
2671 2022 0.006867535549260553
2672 2022 0.007560527366017324
2673 2022 0.002997470659011711
1822 2023   0.0178127654323362
1823 2023  0.08818268438356314
1824 2023  0.08553925604921009
1825 2023  0.01693162265421851
2021 2023  0.02606027427600234
2022 2023   0.3267664603011537
2023 2023   0.6638980101651263
2024 2023   0.3237370320147421
2025 2023   0.0328004556190331
2032 2023  0.06327938377577036
2033 2023   0.3132666821826143
2034 2023   0.3038759720939039
2035 2023  0.06014914707953352
2239 2023 0.0009704679723506623
2240 2023    0.103051183292969
2241 2023   0.3946006223359989
2242 2023   0.2982583377658472
2243 2023   0.0442804098308713
1823 2024  0.01302501708938979
1824 2024  0.07324709504131488
1825 2024  0.09761313170229434
1826 2024  0.02114703062269655
2022 2024  0.03478243860641436
2023 2024   0.3237370320147421
2024 2024   0.6637168761699919
2025 2024   0.3046389630970467
2026 2024  0.02376525124234713
2033 2024  0.04627103288460954
2034 2024   0.2602083912903012
2035 2024   0.3467680998780311
2036 2024  0.07512427374484759
2240 2024 0.004748299173868954
2241 2024   0.1085456345391949
2242 2024    0.373399834596397
2243 2024   0.3001950938678548
2244 2024  0.04041576099457003
1824 2025 0.008809613059852502
1825 2025  0.06008453915728535
1826 2025   0.1111149310786936
1827 2025  0.02192507403461302
2023 2025   0.0328004556190331
2024 2025   0.3046389630970467
2025 2025   0.7075306261539815
2026 2025   0.2719119375082875
2027 2025  0.01334987644614982
2034 2025  0.03129592021227955
2035 2025   0.2134487554314301
2036 2025   0.3886356139956338
2037 2025  0.08398552802045128
2241 2025 0.007305116000347812
2242 2025   0.1135465520230554
2243 2025   0.3869202556359662
2244 2025   0.2754774102912825
2245 2025   0.0315543957514004
1825 2026 0.005110561687428642
1826 2026   0.0614945414691712
1827 2026   0.1111667948748426
1828 2026  0.01797089019501938
2024 2026  0.02376525124234713
2025 2026   0.2719119375082875
2026 2026   0.7506493836421113
2027 2026   0.2382764313539698
2028 2026 0.004843499391859781
2035 2026  0.01815513686277356
2036 2026   0.1901964008239348
2037 2026   0.4049545074669748
2038 2026  0.08206509553601347
2242 2026  0.00725570981885152
2243 2026   0.1152140949672271
2244 2026   0.4100788105366056
2245 2026   0.2368990203842826
2246 2026  0.02037393790728759
1826 2027 0.007020127280436003
1827 2027  0.07564894740532709
1828 2027  0.09658208225332937
1829 2027  0.01034574583651839
2025 2027  0.01334987644614982
2026 2027   0.2382764313539698
2027 2027   0.7843091905189769
2028 2027   0.2127422592915945
2029 2027 0.0002830112891261784
2036 2027  0.01538539485055604
2037 2027   0.1994273063446254
2038 2027   0.3890324938485946
2039 2027  0.06969284816514847
2243 2027 0.005189341230793903
2244 2027   0.1123104608159854
2245 2027    0.441707155955747
2246 2027   0.1976494130591551
2247 2027 0.008166572871115113
1826 2028 9.411674982648769e-05
1827 2028  0.01219154317284345
1828 2028  0.09933949977257617
1829 2028  0.07102358399552949
1830 2028 0.001629627621215569
2026 2028  0.00484349939185978
2027 2028   0.2127422592915945
2028 2028   0.7981229486019941
2029 2028   0.1982164832427016
2036 2028 0.0001378886592036321
2037 2028  0.02157235855288608
2038 2028   0.2387529612082377
2039 2028   0.3504183575379258
2040 2028  0.04376253319193798
2244 2028 0.002213545823645257
2245 2028   0.1101126127929843
2246 2028    0.476801594594341
2247 2028   0.1544349319405261
1827 2029  1.5309598909323e-05
1828 2029  0.01946957888849877
1829 2029   0.1240326680071823
1830 2029 0.006530532245578311
2027 2029 0.0002830112891261784
2028 2029   0.1982164832427016
2029 2029   0.7899353034071616
2037 2029 2.51486887313059e-05
2038 2029  0.03515059321650943
2039 2029   0.3224932038830732
2040 2029   0.1753729689148029
2245 2029 0.0001454244526978642
2246 2029   0.1131798863029396
2247 2029   0.4921182850996615
1821 2031  0.03230996043502312
1822 2031   0.0161549802175116
2021 2031   0.2364752759659424
2022 2031    0.082785263926486
2031 2031   0.1147802902314216
2032 2031  0.05739014511571097
2239 2031    0.131250744314003
2240 2031  0.06430514838647534
1821 2032  0.01615498021751161
1822 2032   0.0646199208700463
1823 2032  0.01615498021751161
2021 2032   0.2009598441147707
2022 2032   0.3742818518943161
2023 2032  0.06327938377577035
2031 2032  0.05739014511571097
2032 2032   0.2295605804628435
2033 2032    0.057390145115711
2239 2032  0.06870589428822985
2240 2032    0.263109927793544
2241 2032  0.05929596331918319
1822 2033  0.01615498021751161
1823 2033   0.0646199208700463
1824 2033  0.01615498021751161
2021 2033  0.02363491603765696
2022 2033   0.2553484486799764
2023 2033   0.3132666821826143
2024 2033  0.04627103288460954
2032 2033    0.057390145115711
2033 2033   0.2295605804628435
2034 2033  0.05739014511571101
2239 2033   0.0008801491803509
2240 2033  0.08786248537704763
2241 2033   0.2505799018512224
2242 2033  0.05178924899233618
1823 2034  0.01615498021751161
1824 2034  0.06461992087004631
1825 2034  0.01615498021751161
2022 2034  0.04314079618837267
2023 2034   0.3038759720939039
2024 2034   0.2602083912903012
2025 2034  0.03129592021227955
2033 2034  0.05739014511571101
2034 2034   0.2295605804628436
2035 2034  0.05739014511571102
2240 2034 0.005889334247643078
2241 2034   0.1128801576171435
2242 2034   0.2300929970895123
2243 2034  0.04224929644665826
1824 2035  0.01615498021751162
1825 2035  0.06461992688824555
1826 2035  0.01615498322661123
2023 2035  0.06014914707953351
2024 2035   0.3467680998780311
2025 2035   0.2134487554314301
2026 2035  0.01815513686277356
2034 2035  0.05739014511571102
2035 2035   0.2295606018423391
2036 2035  0.05739015580545877
2241 2035   0.0133960485744901
2242 2035   0.1435332620173345
2243 2035   0.2033074464269429
2244 2035  0.03087506480731387
1825 2036  0.01615498322661123
1826 2036  0.06767076780592567
1827 2036  0.01729213502218536
1828 2036 0.0005116098409863614
2024 2036  0.07512427374484759
2025 2036   0.3886356139956338
2026 2036   0.1901964008239347
2027 2036  0.01538539485055604
2028 2036 0.0001378886592036321
2035 2036  0.05739015580545877
2036 2036   0.2356653083042098
2037 2036  0.06564436909099536
2038 2036 0.002336295532502146
2242 2036  0.02293600539233122
2243 2036   0.1811537790938485
2244 2036   0.1783287069262508
2245 2036  0.02707620326399132
2246 2036 0.0005800217473869087
1826 2037  0.02290492817562102
1827 2037  0.06547010142917001
1828 2037   0.0184809481853597
1829 2037 0.0009193341457831557
2025 2037  0.08398552802045128
2026 2037   0.4049545074669748
2027 2037   0.1994273063446254
2028 2037  0.02157235855288608
2029 2037 2.51486887313059e-05
2036 2037  0.06564436909099536
2037 2037   0.2312594419409297
2038 2037  0.07977218686423519
2039 2037 0.006192981738343526
2243 2037  0.03264671138377616
2244 2037   0.2065530047534994
2245 2037   0.1661621344972858
2246 2037  0.02878552491590523
2247 2037 0.0007256904831299315
1826 2038   0.0015946528410906
1827 2038  0.03262009355376171
1828 2038  0.06128013971095073
1829 2038  0.01731114825059156
1830 2038 0.0002879177898887567
2026 2038  0.08206509553601347
2027 2038   0.3890324938485945
2028 2038   0.2387529612082377
2029 2038  0.03515059321650944
2036 2038 0.002336295532502146
2037 2038  0.07977218686423521
2038 2038   0.2179273445616418
2039 2038  0.09399564808062377
2040 2038 0.007731834974150453
2244 2038  0.03750487711345428
2245 2038   0.2133845624241478
2246 2038   0.1743995398521408
2247 2038  0.03104478421788756
1827 2039 0.003770060040894942
1828 2039  0.04128217957905408
1829 2039   0.0650150377609017
1830 2039  0.00266284157161918
2027 2039  0.06969284816514847
2028 2039   0.3504183575379258
2029 2039   0.3224932038830732
2037 2039 0.006192981738343526
2038 2039  0.09399564808062377
2039 2039   0.2287733863792311
2040 2039  0.07150878590038431
2245 2039  0.03581144883889574
2246 2039   0.2069929876798186
2247 2039   0.2120612612241426
1828 2040 0.004292325556095776
1829 2040  0.02752341922078339
1830 2040  0.00144984171885571
2028 2040  0.04376253319193798
2029 2040   0.1753729689148029
2038 2040 0.007731834974150453
2039 2040  0.07150878590038431
2040 2040  0.03893450596839531
2246 2040  0.02498178802335253
2247 2040   0.1092447554489169
2021 2229   0.1959832301609655
2022 2229  0.06092644625496447
2229 2229    2.268739092191649
2230 2229    0.151381909146162
2231 2229  0.04789526346189494
2239 2229   0.2254125287767763
2240 2229   0.7860847503447022
2443 2229   0.4987327554388866
2444 2229   0.5095033501683742
2445 2229   0.1469433749284779
2446 2229 7.865627202216808e-05
2453 2229    1.307258683306746
2454 2229   0.6039523622332346
2455 2229   0.3009826709710129
2661 2229 6.512881208226198e-05
2662 2229 0.001661008506577135
2663 2229 0.001749899956705495
2664 2229 0.0003139310188773747
2671 2229   0.2585965120417346
2672 2229   0.2850943474862248
2673 2229   0.1134631745704362
2674 2229 0.0008082900031144355
2892 2229 0.001013405652706126
2893 2229 0.0009537633867346675
2894 2229 0.0003625089997466079
2021 2230  0.01298470776183282
2022 2230 0.004036631598213627
2229 2230    0.151381909146162
2230 2230  0.03802061877690658
2231 2230  0.01707475020587314
2239 2230  0.01493452174259108
2240 2230  0.05208139875476059
2443 2230   0.1777991517967295
2444 2230   0.1818815660356828
2445 2230  0.05902351663606804
2446 2230 0.002060582489102382
2453 2230   0.1179608197313837
2454 2230   0.1090299397858867
2455 2230   0.1073008801217945
2661 2230 0.001706199470970675
2662 2230  0.04351394942717755
2663 2230  0.04584266601717552
2664 2230 0.008224147212347847
2671 2230  0.09219013589382583
2672 2230   0.1120578201875172
2673 2230  0.05579028252807636
2674 2230  0.02117502118667289
2892 2230  0.02654849878640427
2893 2230  0.02498603204711439
2894 2230 0.009496759480405516
2021 2231 0.004091512517295154
2022 2231 0.001271952285314193
2229 2231  0.04789526346189495
2230 2231  0.01707475020587314
2231 2231 0.007910371636703441
2239 2231 0.004705903572912062
2240 2231  0.01641097349527602
2443 2231  0.08237059696012443
2444 2231  0.08427010166745066
2445 2231  0.02756887118175763
2446 2231 0.001023372915407955
2453 2231  0.04287535394802982
2454 2231  0.04691645902615794
2455 2231  0.04971023461396253
2661 2231 0.0008473712341578646
2662 2231  0.02161087824521081
2663 2231  0.02276741796078572
2664 2231 0.004084461337488561
2671 2231  0.04270974552280801
2672 2231  0.05226650894951722
2673 2231  0.02636533529892145
2674 2231  0.01051641624649076
2892 2231  0.01318511379497469
2893 2231   0.0124091263493512
2894 2231 0.004716494723113145
1821 2239  0.03694629406584182
1822 2239  0.01934029546039502
1823 2239 0.0002477566935640199
2021 2239   0.2911494933353193
2022 2239   0.1058233544985584
2023 2239 0.000970467972350662
2031 2239    0.131250744314003
2032 2239  0.06870589428822983
2033 2239   0.0008801491803509
2229 2239   0.2254125287767764
2230 2239  0.01493452174259108
2231 2239 0.004705903572912061
2239 2239   0.1725283377312873
2240 2239   0.1551782010138066
2241 2239 0.0009093772704054181
2443 2239  0.04900251269346033
2444 2239  0.05005984451043332
2445 2239  0.01441254229921098
2453 2239   0.1297669550356659
2454 2239  0.05974487248576623
2455 2239  0.02957276616369335
2671 2239  0.02540815441860916
2672 2239  0.02797204986038585
2673 2239  0.01108988760569577
1821 2240  0.01810151199257493
1822 2240  0.07406386009245329
1823 2240  0.02473276048118984
1824 2240 0.001657812122153733
2021 2240   0.2955056524609992
2022 2240   0.4666936616662676
2023 2240    0.103051183292969
2024 2240 0.004748299173868955
2031 2240  0.06430514838647534
2032 2240    0.263109927793544
2033 2240  0.08786248537704763
2034 2240 0.005889334247643079
2229 2240   0.7860847503447022
2230 2240  0.05208139875476059
2231 2240  0.01641097349527602
2239 2240   0.1551782010138066
2240 2240   0.5762004440945457
2241 2240   0.0921549249795271
2242 2240 0.005314574429727013
2443 2240   0.1708872535432489
2444 2240   0.1745745038566501
2445 2240  0.05026109141576239
2453 2240   0.4525383970702929
2454 2240   0.2083492582564392
2455 2240   0.1031295848236107
2671 2240  0.08860626705736944
2672 2240  0.09754738101938362
2673 2240  0.03867394406682295
1822 2241  0.01669145656398522
1823 2241  0.07053673325186095
1824 2241  0.03177508454766612
1825 2241 0.003770906995920235
2021 2241  0.02441978690932466
2022 2241   0.2738980432289692
2023 2241    0.394600622335999
2024 2241   0.1085456345391949
2025 2241 0.007305116000347812
2032 2241  0.05929596331918319
2033 2241   0.2505799018512224
2034 2241   0.1128801576171435
2035 2241   0.0133960485744901
2239 2241 0.0009093772704054182
2240 2241   0.0921549249795271
2241 2241   0.2852497534241013
2242 2241     0.10721754339238
2243 2241 0.009861860887376049
1823 2242  0.01457836169021872
1824 2242  0.06476979294397062
1825 2242  0.04040374882777854
1826 2242 0.006456347385684077
2022 2242  0.03893054166394888
2023 2242   0.2982583377658472
2024 2242   0.3733998345963969
2025 2242   0.1135465520230554
2026 2242 0.007255709818851521
2033 2242  0.05178924899233619
2034 2242   0.2300929970895123
2035 2242   0.1435332620173345
2036 2242  0.02293600539233123
2240 2242 0.005314574429727013
2241 2242     0.10721754339238
2242 2242   0.2650005945342899
2243 2242   0.1193779722738203
2244 2242  0.01233923558788753
1824 2243  0.01189292250304309
1825 2243  0.05722982174862851
1826 2243   0.0516608730248266
1827 2243 0.008522677429635691
2023 2243   0.0442804098308713
2024 2243   0.3001950938678548
2025 2243   0.3869202556359662
2026 2243   0.1152140949672271
2027 2243 0.005189341230793904
2034 2243  0.04224929644665826
2035 2243   0.2033074464269429
2036 2243   0.1811537790938485
2037 2243  0.03264671138377616
2241 2243 0.009861860887376049
2242 2243   0.1193779722738203
2243 2243   0.2569770492605004
2244 2243   0.1232678646710915
2245 2243  0.01226577096395192
1825 2244 0.008691144797959361
1826 2244  0.05427322008248549
1827 2244  0.05641311690487794
1828 2244 0.008212943931659784
2024 2244  0.04041576099457003
2025 2244   0.2754774102912825
2026 2244   0.4100788105366056
2027 2244   0.1123104608159854
2028 2244 0.002213545823645257
2035 2244  0.03087506480731388
2036 2244   0.1783287069262508
2037 2244   0.2065530047534994
2038 2244  0.03750487711345428
2242 2244  0.01233923558788753
2243 2244   0.1232678646710915
2244 2244   0.2535710994828541
2245 2244   0.1163376222207875
2246 2244 0.009311169779783435
1826 2245  0.01025253906764512
1827 2245  0.05639332729287658
1828 2245  0.05258060966295518
1829 2245 0.005316128662825579
2025 2245  0.03155439575140039
2026 2245   0.2368990203842826
2027 2245   0.4417071559557469
2028 2245   0.1101126127929843
2029 2245 0.0001454244526978643
2036 2245  0.02707620326399132
2037 2245   0.1661621344972858
2038 2245   0.2133845624241478
2039 2245  0.03581144883889574
2243 2245  0.01226577096395192
2244 2245   0.1163376222207875
2245 2245   0.2648207785871505
2246 2245   0.1049085035432461
2247 2245 0.004196367550799891
1826 2246 0.0003958974001779111
1827 2246  0.01356565040013148
1828 2246  0.06618983711382881
1829 2246  0.04157649113906357
1830 2246 0.0009302709148863307
2026 2246  0.02037393790728759
2027 2246   0.1976494130591551
2028 2246    0.476801594594341
2029 2246   0.1131798863029396
2036 2246 0.0005800217473869087
2037 2246  0.02878552491590523
2038 2246   0.1743995398521408
2039 2246   0.2069929876798186
2040 2246  0.02498178802335253
2244 2246 0.009311169779783435
2245 2246   0.1049085035432461
2246 2246   0.2917313684401067
2247 2246  0.08897421976354716
1827 2247 0.000441773738095615
1828 2247   0.0159573066996805
1829 2247  0.07892177324351017
1830 2247  0.00406805223481194
2027 2247 0.008166572871115113
2028 2247   0.1544349319405261
2029 2247   0.4921182850996615
2037 2247 0.0007256904831299315
2038 2247  0.03104478421788756
2039 2247   0.2120612612241426
2040 2247   0.1092447554489169
2245 2247 0.004196367550799891
2246 2247  0.08897421976354716
2247 2247   0.3078633551450445
2021 2443  0.04260486662291289
2022 2443  0.01324482260226486
2229 2443   0.4987327554388866
2230 2443   0.1777991517967295
2231 2443  0.08237059696012443
2239 2443  0.04900251269346033
2240 2443   0.1708872535432489
2443 2443   0.8577239547236742
2444 2443   0.8775034725335646
2445 2443    0.287074297018048
2446 2443   0.0106563688567868
2453 2443    0.446460502966663
2454 2443   0.4885404775811962
2455 2443   0.5176320264374252
2661 2443 0.008823665639242763
2662 2443   0.2250337940674072
2663 2443    0.237076827082187
2664 2443  0.04253144277930392
2671 2443   0.4447360245889528
2672 2443   0.5442504778432349
2673 2443   0.2745418935248716
2674 2443   0.1095073055841397
2892 2443   0.1372964184438549
2893 2443   0.1292160712661076
2894 2443  0.04911279820274154
2021 2444  0.04352415582998059
2022 2444  0.01353060738304012
2229 2444   0.5095033501683742
2230 2444   0.1818815660356828
2231 2444  0.08427010166745065
2239 2444  0.05005984451043331
2240 2444     0.17457450385665
2443 2444   0.8775034725335648
2444 2444   0.8977674254211651
2445 2444   0.2944687290204779
2446 2444  0.01113922070042223
2453 2444   0.4563693681239651
2454 2444   0.4996883710601464
2455 2444   0.5295688644253386
2661 2444 0.009223475675737279
2662 2444   0.2352303238427932
2663 2444   0.2478227008169309
2664 2444  0.04462112587183638
2665 2444 2.225931451060106e-05
2671 2444   0.4549918464890081
2672 2444   0.5580168547621085
2673 2444   0.2826625355759951
2674 2444   0.1144692025589403
2882 2444 0.0001713886624708227
2883 2444 0.001335546902755413
2884 2444 0.001485223360074393
2885 2444 0.0001433107102645173
2892 2444   0.1435174708174254
2893 2444   0.1353865348175664
2894 2444  0.05173085924041807
2895 2444 0.0005325886065029031
3113 2444 0.0009823068227778702
3114 2444 0.0008134764660567988
3115 2444 0.0002873154513295587
2021 2445  0.01253087665516634
2022 2445  0.00389554648339826
2229 2445   0.1469433749284779
2230 2445  0.05902351663606804
2231 2445  0.02756887118175763
2239 2445  0.01441254229921098
2240 2445  0.05026109141576239
2443 2445   0.2870742970180481
2444 2445   0.2944687290204779
2445 2445   0.1172628958688278
2446 2445  0.01005229011773401
2453 2445   0.1388492230573108
2454 2445   0.1602813066222993
2455 2445   0.1732478722148134
2661 2445 0.008323477546580924
2662 2445    0.212277278936277
2663 2445   0.2237377616432326
2664 2445  0.04456630427076994
2665 2445 0.0006088572131041615
2671 2445   0.1488500827269143
2672 2445    0.215409961983914
2673 2445   0.1408374296980651
2674 2445   0.1032996530560268
2882 2445 0.004687980096598991
2883 2445  0.03653110542978703
2884 2445  0.04062519335091938
2885 2445 0.003919966161495052
2892 2445   0.1295134814561578
2893 2445    0.130522143001211
2894 2445  0.05707038817450879
2895 2445  0.01456785268620702
3113 2445  0.02686895835201476
3114 2445  0.02225095538379139
3115 2445 0.007858916090833194
2229 2446 7.86562720221681e-05
2230 2446 0.002060582489102382
2231 2446 0.001023372915407955
2443 2446   0.0106563688567868
2444 2446  0.01113922070042223
2445 2446  0.01005229011773401
2446 2446 0.002118315796551911
2453 2446 0.002307824674991506
2454 2446 0.005080654903148538
2455 2446 0.006431064184957139
2661 2446 0.001754003690966101
2662 2446   0.0447331213040175
2663 2446  0.04715774503171891
2664 2446 0.009815893656317388
2665 2446 0.0001864327099352106
2671 2446 0.005525403710390364
2672 2446  0.01694389883750567
2673 2446  0.01839949717556491
2674 2446  0.02176830197736476
2882 2446 0.001435464366226963
2883 2446  0.01118586235922436
2884 2446  0.01243947632555695
2885 2446 0.001200297702996619
2892 2446  0.02729233343066867
2893 2446  0.02832889761346805
2894 2446  0.01305194439261399
2895 2446 0.004460691596934205
3113 2446 0.008227302905986026
3114 2446 0.006813265609022216
3115 2446 0.002406408255389772
2021 2453    0.112824904427685
2022 2453   0.0350745340312488
2229 2453    1.307258683306746
2230 2453   0.1179608197313837
2231 2453  0.04287535394802981
2239 2453   0.1297669550356659
2240 2453   0.4525383970702929
2443 2453    0.446460502966663
2444 2453   0.4563693681239651
2445 2453   0.1388492230573108
2446 2453 0.002307824674991506
2453 2453   0.7870805623690696
2454 2453     0.42365926655977
2455 2453    0.269436633548795
2661 2453 0.001910920460786238
2662 2453    0.048735038138715
2663 2453  0.05134316940057024
2664 2453 0.009210934271156927
2671 2453   0.2314929740878527
2672 2453   0.2666851299594608
2673 2453   0.1184577814062155
2674 2453  0.02371573894591296
2892 2453  0.02973396158963555
2893 2453  0.02798401985526825
2894 2453  0.01063624289600105
2021 2454  0.05194473066273415
2022 2454  0.01614836044059662
2229 2454   0.6039523622332346
2230 2454   0.1090299397858867
2231 2454  0.04691645902615794
2239 2454  0.05974487248576622
2240 2454   0.2083492582564392
2443 2454   0.4885404775811962
2444 2454   0.4996883710601463
2445 2454   0.1602813066222993
2446 2454 0.005080654903148537
2453 2454     0.42365926655977
2454 2454   0.3299746444489195
2455 2454   0.2948316833339832
2661 2454 0.004206873907636071
2662 2454    0.107289740489279
2663 2454   0.1130315175953101
2664 2454  0.02027778750892529
2671 2454    0.253311742844172
2672 2454   0.3049223283741003
2673 2454   0.1489087350598498
2674 2454  0.05220998226729977
2892 2454  0.06545904434485177
2893 2454  0.06160656363031474
2894 2454  0.02341559140355643
2021 2455  0.02571181943171852
2022 2455 0.007993182801596456
2229 2455   0.3009826709710129
2230 2455   0.1073008801217945
2231 2455  0.04971023461396253
2239 2455  0.02957276616369335
2240 2455   0.1031295848236107
2443 2455   0.5176320264374252
2444 2455   0.5295688644253386
2445 2455   0.1732478722148134
2446 2455 0.006431064184957138
2453 2455    0.269436633548795
2454 2455   0.2948316833339832
2455 2455   0.3123882845035338
2661 2455 0.005325037152447205
2662 2455   0.1358067455135273
2663 2455   0.1430746544363947
2664 2455  0.02566750851706255
2671 2455   0.2683959196544405
2672 2455   0.3284523839914096
2673 2455   0.1656846307073586
2674 2455  0.06608709968638123
2892 2455   0.0828576873833365
2893 2455  0.07798123912641129
2894 2455  0.02963932290533677
2229 2661 6.512881208226198e-05
2230 2661 0.001706199470970675
2231 2661 0.0008473712341578646
2443 2661 0.008823665639242763
2444 2661 0.009223475675737277
2445 2661 0.008323477546580922
2446 2661 0.001754003690966101
2453 2661 0.001910920460786238
2454 2661 0.004206873907636071
2455 2661 0.005325037152447205
2661 2661 0.001452346695865898
2662 2661  0.03703983136197053
2663 2661  0.03904746354529029
2664 2661 0.008127737012270125
2665 2661 0.0001543696468087771
2671 2661 0.004575133942671794
2672 2661  0.01402985388142663
2673 2661  0.01523511556227511
2674 2661  0.01802454670663964
2882 2661 0.001188590388982971
2883 2661 0.009262095810575001
2884 2661   0.0103001107881214
2885 2661 0.0009938681497542285
2892 2661  0.02259854439569027
2893 2661  0.02345683823720005
2894 2661  0.01080724539570237
2895 2661 0.003693533106829349
3113 2661 0.006812355215065303
3114 2661 0.005641506825946247
3115 2661  0.00199254944366437
2229 2662 0.001661008506577135
2230 2662  0.04351394942717754
2231 2662  0.02161087824521081
2443 2662   0.2250337940674072
2444 2662   0.2352303238427932
2445 2662    0.212277278936277
2446 2662   0.0447331213040175
2453 2662    0.048735038138715
2454 2662    0.107289740489279
2455 2662   0.1358067455135273
2661 2662  0.03703983136197053
2662 2662   0.9446429776226745
2663 2662   0.9958444970110555
2664 2662    0.207285222699146
2665 2662 0.003936956445372055
2671 2662   0.1166816368139676
2672 2662   0.3578094839753833
2673 2662   0.3885477984100483
2674 2662   0.4596878777569363
2882 2662  0.03031313920547057
2883 2662   0.2362152699893556
2884 2662   0.2626882187893634
2885 2662  0.02534705299204218
2892 2662   0.5763405361991197
2893 2662   0.5982299784645464
2894 2662   0.2756218939208505
2895 2662  0.09419778610454198
3113 2662   0.1737384668978225
3114 2662   0.1438778096547196
3115 2662  0.05081685769919711
2229 2663 0.001749899956705495
2230 2663  0.04584266601717552
2231 2663  0.02276741796078572
2443 2663    0.237076827082187
2444 2663   0.2478227008169308
2445 2663   0.2237377616432326
2446 2663  0.04715774503171892
2453 2663  0.05134316940057024
2454 2663   0.1130315175953101
2455 2663   0.1430746544363947
2661 2663  0.03904746354529029
2662 2663   0.9958444970110557
2663 2663    1.049827897139075
2664 2663    0.218816056179554
2665 2663  0.00419082468489798
2671 2663   0.1229260358394235
2672 2663    0.377115419334597
2673 2663   0.4095729508597699
2674 2663   0.4846038707226692
2882 2663  0.03226783273367643
2883 2663    0.251447227866825
2884 2663   0.2796275962927748
2885 2663  0.02703471015263883
2886 2663 8.749381223485228e-07
2892 2663   0.6075793341762921
2893 2663   0.6312290217888744
2894 2663   0.2912752614635044
2895 2663   0.1002719772868474
3103 2663 0.0001589862009908235
3104 2663 0.0006301113275660916
3105 2663 0.000743300572203409
3106 2663 2.501535038587662e-05
3113 2663   0.1849417096416256
3114 2663   0.1532908289968507
3115 2663  0.05425358476595205
3116 2663 0.0001984252633588057
3332 2663 0.0005642148587715559
3333 2663 0.0004198638793573637
3334 2663 0.0001341591430992372
2229 2664 0.0003139310188773747
2230 2664 0.008224147212347847
2231 2664 0.004084461337488562
2443 2664  0.04253144277930392
2444 2664  0.04462112587183639
2445 2664  0.04456630427076994
2446 2664 0.009815893656317388
2453 2664 0.009210934271156929
2454 2664   0.0202777875089253
2455 2664  0.02566750851706255
2661 2664 0.008127737012270124
2662 2664    0.207285222699146
2663 2664    0.218816056179554
2664 2664  0.05860776714245872
2665 2664  0.00266104314847729
2671 2664  0.02205285823898194
2672 2664  0.07460579473219738
2673 2664  0.08371010860725399
2674 2664   0.1008703884643763
2882 2664  0.02048906877960971
2883 2664   0.1596611581796368
2884 2664   0.1775703302961982
2885 2664  0.01949415515800643
2886 2664 3.884618726784921e-05
2892 2664   0.1264677547248959
2893 2664   0.1567467721185629
2894 2664  0.09218620688119197
2895 2664  0.06366958252989567
3103 2664 0.007058793735168043
3104 2664  0.02797617569174239
3105 2664  0.03300164032927037
3106 2664 0.001110651097305302
3113 2664   0.1174322254717522
3114 2664   0.1032558205217143
3115 2664  0.04144649490155292
3116 2664 0.008809840081511543
3332 2664  0.02505045271580052
3333 2664  0.01864144499812391
3334 2664 0.005956502595335734
2444 2665 2.225931451060106e-05
2445 2665 0.0006088572131041614
2446 2665 0.0001864327099352106
2661 2665 0.0001543696468087771
2662 2665 0.003936956445372055
2663 2665 0.004190824684897979
2664 2665  0.00266104314847729
2665 2665 0.0002625267140271507
2672 2665 0.0009558695961483781
2673 2665 0.001407086604895708
2674 2665 0.001915825551097741
2882 2665 0.002021360646957253
2883 2665   0.0157514616922518
2884 2665   0.0175189039646862
2885 2665 0.002013647353336514
2886 2665 5.319973132910227e-06
2892 2665  0.00240199487263287
2893 2665 0.005982120870201176
2894 2665 0.005490806011343012
2895 2665 0.006281358607288526
3103 2665 0.0009666995827137243
3104 2665 0.003831328465144529
3105 2665  0.00451956426722456
3106 2665 0.000152103318582097
3113 2665   0.0115853424968459
3114 2665  0.01041678734867005
3115 2665 0.004360765065775565
3116 2665 0.001206504829308361
3332 2665 0.003430651623450184
3333 2665  0.00255294003153617
3334 2665 0.0008157411576791439
2021 2671   0.0220909290287003
2022 2671 0.006867535549260553
2229 2671   0.2585965120417347
2230 2671  0.09219013589382583
2231 2671    0.042709745522808
2239 2671  0.02540815441860916
2240 2671  0.08860626705736944
2443 2671   0.4447360245889528
2444 2671   0.4549918464890081
2445 2671   0.1488500827269142
2446 2671 0.005525403710390364
2453 2671   0.2314929740878527
2454 2671    0.253311742844172
2455 2671   0.2683959196544405
2661 2671 0.004575133942671795
2662 2671   0.1166816368139676
2663 2671   0.1229260358394235
2664 2671  0.02205285823898193
2671 2671   0.2305988196760881
2672 2671    0.282197777692494
2673 2671   0.1423519415972362
2674 2671  0.05678032364693345
2892 2671   0.0711891780481901
2893 2671  0.06699946006102299
2894 2671  0.02546533824645654
2021 2672   0.0243200886641524
2022 2672 0.007560527366017325
2229 2672   0.2850943474862249
2230 2672   0.1120578201875172
2231 2672  0.05226650894951722
2239 2672  0.02797204986038586
2240 2672  0.09754738101938362
2443 2672   0.5442504778432349
2444 2672   0.5580168547621084
2445 2672    0.215409961983914
2446 2672  0.01694389883750567
2453 2672   0.2666851299594608
2454 2672   0.3049223283741003
2455 2672   0.3284523839914095
2661 2672  0.01402985388142663
2662 2672   0.3578094839753833
2663 2672    0.377115419334597
2664 2672  0.07460579473219739
2665 2672 0.0009558695961483782
2671 2672    0.282197777692494
2672 2672   0.3975479087866574
2673 2672   0.2510535371703236
2674 2672   0.1741194146638204
2882 2672 0.007359849805903672
2883 2672   0.0573516618387348
2884 2672  0.06377913626712634
2885 2672 0.006154113626412046
2892 2672   0.2183048143442344
2893 2672    0.219006945063295
2894 2672  0.09495435963596131
2895 2672  0.02287066189611115
3113 2672  0.04218266584693336
3114 2672  0.03493267596877697
3115 2672  0.01233803063875925
2021 2673 0.009642019487029667
2022 2673 0.002997470659011711
2229 2673   0.1134631745704362
2230 2673  0.05579028252807635
2231 2673  0.02636533529892145
2239 2673  0.01108988760569577
2240 2673  0.03867394406682295
2443 2673   0.2745418935248716
2444 2673   0.2826625355759951
2445 2673   0.1408374296980651
2446 2673  0.01839949717556491
2453 2673   0.1184577814062155
2454 2673   0.1489087350598498
2455 2673   0.1656846307073586
2661 2673  0.01523511556227511
2662 2673   0.3885477984100483
2663 2673   0.4095729508597699
2664 2673  0.08371010860725397
2665 2673 0.001407086604895708
2671 2673   0.1423519415972362
2672 2673   0.2510535371703236
2673 2673   0.2010010946869545
2674 2673   0.1890774790998221
2882 2673  0.01083405740454558
2883 2673  0.08442443976350236
2884 2673  0.09388599519736254
2885 2673 0.009059155018239914
2892 2673   0.2370587108350717
2893 2673   0.2430534150105703
2894 2673   0.1096233976522848
2895 2673  0.03366672831606757
3113 2673  0.06209493879832335
3114 2673  0.05142260055857901
3115 2673   0.0181621820722668
2229 2674 0.0008082900031144355
2230 2674  0.02117502118667289
2231 2674  0.01051641624649076
2443 2674   0.1095073055841397
2444 2674   0.1144692025589403
2445 2674   0.1032996530560268
2446 2674  0.02176830197736476
2453 2674  0.02371573894591296
2454 2674  0.05220998226729977
2455 2674  0.06608709968638123
2661 2674  0.01802454670663964
2662 2674   0.4596878777569363
2663 2674   0.4846038707226692
2664 2674   0.1008703884643763
2665 2674 0.001915825551097741
2671 2674  0.05678032364693344
2672 2674   0.1741194146638204
2673 2674   0.1890774790998222
2674 2674   0.2236960946753391
2882 2674  0.01475116309505806
2883 2674   0.1149485030084685
2884 2674    0.127830929427886
2885 2674  0.01233453619337506
2892 2674    0.280462316691771
2893 2674   0.2911142894461762
2894 2674   0.1341247926266085
2895 2674   0.0458390962612914
3113 2674  0.08454566330868864
3114 2674  0.07001468972218708
3115 2674  0.02472880656860284
2444 2882 0.0001713886624708227
2445 2882 0.004687980096598991
2446 2882 0.001435464366226963
2661 2882 0.001188590388982971
2662 2882  0.03031313920547058
2663 2882  0.03226783273367644
2664 2882  0.02048906877960971
2665 2882 0.002021360646957252
2672 2882 0.007359849805903672
2673 2882  0.01083405740454559
2674 2882  0.01475116309505806
2882 2882  0.01556374512288634
2883 2882   0.1212805520183353
2884 2882   0.1348892175916914
2885 2882  0.01550435555470024
2886 2882 4.096186696117515e-05
2892 2882  0.01849449084724781
2893 2882  0.04606016479951738
2894 2882  0.04227721827294584
2895 2882   0.0483641870323571
3103 2882 0.007443236781325922
3104 2882  0.02949984200163853
3105 2882  0.03479900849334938
3106 2882 0.001171140482189769
3113 2882  0.08920294260881904
3114 2882  0.08020549105774501
3115 2882  0.03357631213741189
3116 2882 0.009289650355641823
3332 2882  0.02641477539061048
3333 2882  0.01965671391923692
3334 2882 0.006280911564929129
2444 2883 0.001335546902755413
2445 2883  0.03653110542978703
2446 2883  0.01118586235922436
2661 2883 0.009262095810575003
2662 2883   0.2362152699893556
2663 2883    0.251447227866825
2664 2883   0.1596611581796368
2665 2883   0.0157514616922518
2672 2883   0.0573516618387348
2673 2883  0.08442443976350236
2674 2883   0.1149485030084685
2882 2883   0.1212805520183353
2883 2883   0.9450792326483639
2884 2883    1.051124818716369
2885 2883   0.1208177585481989
2886 2883 0.0003191955276527702
2892 2883   0.1441184009081414
2893 2883   0.3589240358817307
2894 2883   0.3294454085092107
2895 2883   0.3768781392196486
3103 2883  0.05800145520983534
3104 2883   0.2298776479673479
3105 2883   0.2711714260572175
3106 2883 0.009126117335481876
3113 2883   0.6951143208679791
3114 2883    0.625001640259514
3115 2883   0.2616435593498112
3116 2883  0.07238964107249683
3332 2883   0.2058372528924748
3333 2883   0.1531750292855885
3334 2883  0.04894403087164421
2444 2884 0.001485223360074393
2445 2884  0.04062519335091938
2446 2884  0.01243947632555695
2661 2884   0.0103001107881214
2662 2884   0.2626882187893634
2663 2884   0.2796275962927748
2664 2884   0.1775703302961982
2665 2884   0.0175189039646862
2672 2884  0.06377913626712634
2673 2884  0.09388599519736254
2674 2884    0.127830929427886
2882 2884   0.1348892175916914
2883 2884    1.051124818716369
2884 2884    1.169069848637484
2885 2884   0.1344143333766772
2886 2884 0.0003556671349666034
2892 2884   0.1602699352630209
2893 2884   0.3991796725435242
2894 2884   0.3664048106652358
2895 2884   0.4191669355121783
3103 2884  0.06462876077893216
3104 2884   0.2561437030356792
3105 2884    0.302155750426103
3106 2884  0.01017378755712184
3113 2884   0.7731118082682076
3114 2884   0.6952332389636968
3115 2884   0.2911218401591697
3116 2884  0.08066095546778337
3322 2884 5.030611788684089e-05
3323 2884 0.0001192408446644863
