%%MatrixMarket matrix coordinate real general
2286 2286 23300
1 1   0.7226986076986081
2 1  -0.4204545454545448
3 1 2.548209366391182e-16
4 1 -0.08969696969696936
5 1  -0.1228501228501227
6 1 -0.08969696969696936
7 1 1.377410468319559e-16
1 2  -0.4204545454545448
2 2    1.624791154791154
3 2 -1.383387082115775e-32
4 2 1.377410468319559e-16
7 2  -0.2690909090909085
8 2  -0.2690909090909085
9 2 -7.281406164712076e-34
10 2  -0.2457002457002459
11 2  -0.4204545454545448
12 2 1.377410468319559e-16
1 3 2.548209366391182e-16
2 3 -1.383387082115775e-32
3 3   0.8533456183456192
4 3 -0.08190008190008176
5 3  -0.2690909090909086
8 3 2.038567493112945e-16
9 3  -0.4204545454545449
10 3 -4.118071007097956e-33
13 3 -0.08190008190008166
1 4 -0.08969696969696936
2 4 1.377410468319559e-16
3 4 -0.08190008190008176
4 4   0.3117485667485672
8 4  -0.1401515151515148
1 5  -0.1228501228501227
3 5  -0.2690909090909086
5 5    1.624791154791155
6 5 2.548209366391182e-16
10 5  -0.8409090909090904
13 5 2.548209366391186e-16
14 5  -0.1228501228501226
15 5  -0.2690909090909086
1 6 -0.08969696969696936
5 6 2.548209366391182e-16
6 6   0.7226986076986081
7 6  -0.4204545454545447
15 6  -0.1228501228501227
17 6 -0.08969696969696947
18 6 1.377410468319559e-16
1 7 1.377410468319559e-16
2 7  -0.2690909090909085
6 7  -0.4204545454545447
7 7    1.624791154791154
12 7  -0.4204545454545447
16 7  -0.2457002457002459
18 7  -0.2690909090909089
19 7 1.377410468319559e-16
2 8  -0.2690909090909085
3 8 2.038567493112945e-16
4 8  -0.1401515151515148
8 8   0.6722440622440626
9 8  -0.1228501228501228
11 8 1.377410468319559e-16
20 8  -0.1401515151515148
2 9 -7.281406164712076e-34
3 9  -0.4204545454545449
8 9  -0.1228501228501228
9 9    1.624791154791155
10 9  -0.5381818181818178
11 9 -1.383387082115775e-32
13 9 2.038567493112948e-16
20 9 2.038567493112945e-16
21 9  -0.1228501228501226
22 9 -4.118071007097956e-33
23 9  -0.4204545454545449
2 10  -0.2457002457002459
3 10 -4.118071007097956e-33
5 10  -0.8409090909090904
9 10  -0.5381818181818178
10 10    3.249582309582309
13 10 -1.383387082115777e-32
16 10  -0.5381818181818178
21 10 -7.281406164712087e-34
22 10  -0.8409090909090904
24 10  -0.2457002457002457
2 11  -0.4204545454545448
8 11 1.377410468319559e-16
9 11 -1.383387082115775e-32
11 11    1.624791154791155
12 11  -0.2690909090909085
20 11  -0.2690909090909085
22 11  -0.2457002457002459
23 11 -7.281406164712076e-34
26 11  -0.4204545454545451
27 11 1.377410468319559e-16
2 12 1.377410468319559e-16
7 12  -0.4204545454545447
11 12  -0.2690909090909085
12 12    1.624791154791155
19 12  -0.2690909090909088
25 12  -0.2457002457002458
27 12   -0.420454545454545
28 12 1.377410468319558e-16
3 13 -0.08190008190008166
5 13 2.548209366391186e-16
9 13 2.038567493112948e-16
10 13 -1.383387082115777e-32
13 13   0.8533456183456199
14 13  -0.2690909090909089
21 13  -0.4204545454545455
24 13 -4.118071007097961e-33
29 13 -0.08190008190008155
5 14  -0.1228501228501226
13 14  -0.2690909090909089
14 14    1.624791154791157
15 14 2.548209366391186e-16
24 14  -0.8409090909090915
29 14 2.548209366391189e-16
30 14  -0.1228501228501224
31 14  -0.2690909090909089
5 15  -0.2690909090909086
6 15  -0.1228501228501227
14 15 2.548209366391186e-16
15 15    1.624791154791155
16 15  -0.8409090909090903
17 15 2.548209366391181e-16
31 15  -0.1228501228501225
33 15  -0.2690909090909088
7 16  -0.2457002457002459
10 16  -0.5381818181818178
15 16  -0.8409090909090903
16 16    3.249582309582309
25 16  -0.8409090909090903
32 16  -0.2457002457002456
34 16  -0.5381818181818182
6 17 -0.08969696969696947
15 17 2.548209366391181e-16
17 17   0.7226986076986082
18 17  -0.4204545454545449
33 17  -0.1228501228501228
36 17 -0.08969696969696934
37 17 1.37741046831956e-16
6 18 1.377410468319559e-16
7 18  -0.2690909090909089
17 18  -0.4204545454545449
18 18    1.624791154791155
19 18  -0.4204545454545449
34 18   -0.245700245700246
37 18  -0.2690909090909085
38 18 1.37741046831956e-16
7 19 1.377410468319559e-16
12 19  -0.2690909090909088
18 19  -0.4204545454545449
19 19    1.624791154791155
28 19   -0.420454545454545
35 19   -0.245700245700246
38 19  -0.2690909090909085
39 19 1.377410468319559e-16
8 20  -0.1401515151515148
9 20 2.038567493112945e-16
11 20  -0.2690909090909085
20 20   0.6722440622440626
23 20  -0.1228501228501228
26 20 1.377410468319559e-16
40 20  -0.1401515151515149
9 21  -0.1228501228501226
10 21 -7.281406164712087e-34
13 21  -0.4204545454545455
21 21    1.624791154791157
22 21 -1.383387082115777e-32
23 21 2.038567493112948e-16
24 21  -0.5381818181818185
29 21 2.038567493112951e-16
41 21  -0.1228501228501225
42 21 -4.118071007097961e-33
43 21  -0.4204545454545455
9 22 -4.118071007097956e-33
10 22  -0.8409090909090904
11 22  -0.2457002457002459
21 22 -1.383387082115777e-32
22 22    3.249582309582309
23 22  -0.5381818181818177
25 22  -0.5381818181818177
42 22  -0.2457002457002456
43 22 -7.281406164712087e-34
44 22  -0.8409090909090908
9 23  -0.4204545454545449
11 23 -7.281406164712076e-34
20 23  -0.1228501228501228
21 23 2.038567493112948e-16
22 23  -0.5381818181818177
23 23    1.624791154791156
26 23 -1.383387082115775e-32
40 23 2.038567493112944e-16
43 23  -0.1228501228501226
44 23 -4.118071007097955e-33
46 23  -0.4204545454545451
10 24  -0.2457002457002457
13 24 -4.118071007097961e-33
14 24  -0.8409090909090915
21 24  -0.5381818181818185
24 24    3.249582309582311
29 24 -1.383387082115779e-32
32 24  -0.5381818181818185
41 24 -7.281406164712094e-34
42 24  -0.8409090909090915
47 24  -0.2457002457002453
12 25  -0.2457002457002458
16 25  -0.8409090909090903
22 25  -0.5381818181818177
25 25    3.249582309582309
35 25  -0.5381818181818181
45 25  -0.8409090909090907
48 25  -0.2457002457002455
11 26  -0.4204545454545451
20 26 1.377410468319559e-16
23 26 -1.383387082115775e-32
26 26    1.624791154791154
27 26  -0.2690909090909086
40 26  -0.2690909090909086
44 26   -0.245700245700246
46 26 -7.281406164712074e-34
50 26  -0.4204545454545447
51 26 1.37741046831956e-16
11 27 1.377410468319559e-16
12 27   -0.420454545454545
26 27  -0.2690909090909086
27 27    1.624791154791155
28 27  -0.2690909090909088
45 27  -0.2457002457002459
51 27  -0.4204545454545446
52 27 1.377410468319559e-16
12 28 1.377410468319558e-16
19 28   -0.420454545454545
27 28  -0.2690909090909088
28 28    1.624791154791155
39 28  -0.2690909090909085
49 28   -0.245700245700246
52 28  -0.4204545454545447
53 28 1.37741046831956e-16
13 29 -0.08190008190008155
14 29 2.548209366391189e-16
21 29 2.038567493112951e-16
24 29 -1.383387082115779e-32
29 29   0.8533456183456203
30 29  -0.2690909090909091
41 29  -0.4204545454545457
47 29 -4.118071007097956e-33
54 29 -0.08190008190008166
14 30  -0.1228501228501224
29 30  -0.2690909090909091
30 30    1.624791154791157
31 30 2.548209366391189e-16
47 30  -0.8409090909090917
54 30 2.548209366391186e-16
55 30  -0.1228501228501226
56 30  -0.2690909090909091
14 31  -0.2690909090909089
15 31  -0.1228501228501225
30 31 2.548209366391189e-16
31 31    1.624791154791157
32 31  -0.8409090909090915
33 31 2.548209366391184e-16
56 31  -0.1228501228501224
58 31  -0.2690909090909092
16 32  -0.2457002457002456
24 32  -0.5381818181818185
31 32  -0.8409090909090915
32 32    3.249582309582311
48 32  -0.8409090909090915
57 32  -0.2457002457002452
59 32  -0.5381818181818189
15 33  -0.2690909090909088
17 33  -0.1228501228501228
31 33 2.548209366391184e-16
33 33    1.624791154791156
34 33  -0.8409090909090905
36 33 2.548209366391183e-16
58 33  -0.1228501228501226
61 33  -0.2690909090909085
16 34  -0.5381818181818182
18 34   -0.245700245700246
33 34  -0.8409090909090905
34 34    3.249582309582308
35 34  -0.8409090909090905
59 34  -0.2457002457002456
62 34  -0.5381818181818177
19 35   -0.245700245700246
25 35  -0.5381818181818181
34 35  -0.8409090909090905
35 35    3.249582309582308
49 35  -0.8409090909090908
60 35  -0.2457002457002456
63 35  -0.5381818181818175
17 36 -0.08969696969696934
33 36 2.548209366391183e-16
36 36   0.7226986076986082
37 36   -0.420454545454545
61 36  -0.1228501228501227
65 36 -0.08969696969696936
66 36 1.377410468319559e-16
17 37 1.37741046831956e-16
18 37  -0.2690909090909085
36 37   -0.420454545454545
37 37    1.624791154791155
38 37   -0.420454545454545
62 37   -0.245700245700246
66 37  -0.2690909090909085
67 37 1.377410468319559e-16
18 38 1.37741046831956e-16
19 38  -0.2690909090909085
37 38   -0.420454545454545
38 38    1.624791154791155
39 38  -0.4204545454545451
63 38   -0.245700245700246
67 38  -0.2690909090909085
68 38 1.377410468319559e-16
19 39 1.377410468319559e-16
28 39  -0.2690909090909085
38 39  -0.4204545454545451
39 39    1.624791154791154
53 39  -0.4204545454545449
64 39   -0.245700245700246
68 39  -0.2690909090909086
69 39 1.37741046831956e-16
20 40  -0.1401515151515149
23 40 2.038567493112944e-16
26 40  -0.2690909090909086
40 40   0.6722440622440626
46 40  -0.1228501228501228
50 40 1.37741046831956e-16
70 40  -0.1401515151515148
21 41  -0.1228501228501225
24 41 -7.281406164712094e-34
29 41  -0.4204545454545457
41 41    1.624791154791157
42 41 -1.383387082115779e-32
43 41 2.038567493112951e-16
47 41  -0.5381818181818185
54 41 2.038567493112948e-16
71 41  -0.1228501228501226
72 41 -4.118071007097956e-33
73 41  -0.4204545454545457
21 42 -4.118071007097961e-33
22 42  -0.2457002457002456
24 42  -0.8409090909090915
41 42 -1.383387082115779e-32
42 42    3.249582309582311
43 42  -0.5381818181818184
48 42  -0.5381818181818184
72 42  -0.2457002457002453
73 42 -7.281406164712094e-34
74 42  -0.8409090909090919
21 43  -0.4204545454545455
22 43 -7.281406164712087e-34
23 43  -0.1228501228501226
41 43 2.038567493112951e-16
42 43  -0.5381818181818184
43 43    1.624791154791157
44 43 -1.383387082115777e-32
46 43 2.038567493112948e-16
73 43  -0.1228501228501224
74 43 -4.11807100709796e-33
76 43  -0.4204545454545457
22 44  -0.8409090909090908
23 44 -4.118071007097955e-33
26 44   -0.245700245700246
43 44 -1.383387082115777e-32
44 44    3.249582309582308
45 44  -0.5381818181818179
46 44  -0.5381818181818179
74 44  -0.2457002457002457
76 44 -7.281406164712085e-34
77 44  -0.8409090909090902
25 45  -0.8409090909090907
27 45  -0.2457002457002459
44 45  -0.5381818181818179
45 45    3.249582309582308
49 45  -0.5381818181818182
75 45  -0.2457002457002456
78 45  -0.8409090909090902
23 46  -0.4204545454545451
26 46 -7.281406164712074e-34
40 46  -0.1228501228501228
43 46 2.038567493112948e-16
44 46  -0.5381818181818179
46 46    1.624791154791155
50 46 -1.383387082115775e-32
70 46 2.038567493112946e-16
76 46  -0.1228501228501226
77 46 -4.118071007097958e-33
80 46  -0.4204545454545447
24 47  -0.2457002457002453
29 47 -4.118071007097956e-33
30 47  -0.8409090909090917
41 47  -0.5381818181818185
47 47    3.249582309582311
54 47 -1.383387082115777e-32
57 47  -0.5381818181818185
71 47 -7.281406164712087e-34
72 47  -0.8409090909090917
81 47  -0.2457002457002457
25 48  -0.2457002457002455
32 48  -0.8409090909090915
42 48  -0.5381818181818184
48 48    3.249582309582311
60 48  -0.5381818181818188
75 48  -0.8409090909090917
82 48  -0.2457002457002452
28 49   -0.245700245700246
35 49  -0.8409090909090908
45 49  -0.5381818181818182
49 49    3.249582309582308
64 49  -0.5381818181818177
79 49  -0.8409090909090903
83 49  -0.2457002457002456
26 50  -0.4204545454545447
40 50 1.37741046831956e-16
46 50 -1.383387082115775e-32
50 50    1.624791154791154
51 50  -0.2690909090909087
70 50  -0.2690909090909087
77 50  -0.2457002457002461
80 50 -7.281406164712078e-34
85 50  -0.4204545454545447
86 50 1.37741046831956e-16
26 51 1.37741046831956e-16
27 51  -0.4204545454545446
50 51  -0.2690909090909087
51 51    1.624791154791155
52 51  -0.2690909090909089
78 51   -0.245700245700246
86 51  -0.4204545454545446
87 51 1.377410468319559e-16
27 52 1.377410468319559e-16
28 52  -0.4204545454545447
51 52  -0.2690909090909089
52 52    1.624791154791155
53 52  -0.2690909090909086
79 52  -0.2457002457002461
87 52  -0.4204545454545447
88 52 1.37741046831956e-16
28 53 1.37741046831956e-16
39 53  -0.4204545454545449
52 53  -0.2690909090909086
53 53    1.624791154791155
69 53  -0.2690909090909087
84 53  -0.2457002457002461
88 53  -0.4204545454545449
89 53 1.37741046831956e-16
29 54 -0.08190008190008166
30 54 2.548209366391186e-16
41 54 2.038567493112948e-16
47 54 -1.383387082115777e-32
54 54   0.8533456183456195
55 54  -0.2690909090909087
71 54  -0.4204545454545451
81 54 -4.11807100709795e-33
90 54 -0.08190008190008176
30 55  -0.1228501228501226
54 55  -0.2690909090909087
55 55    1.624791154791155
56 55 2.548209366391186e-16
81 55  -0.8409090909090904
90 55 2.548209366391182e-16
91 55  -0.1228501228501227
92 55  -0.2690909090909087
30 56  -0.2690909090909091
31 56  -0.1228501228501224
55 56 2.548209366391186e-16
56 56    1.624791154791157
57 56  -0.8409090909090914
58 56 2.548209366391187e-16
92 56  -0.1228501228501225
94 56  -0.2690909090909093
32 57  -0.2457002457002452
47 57  -0.5381818181818185
56 57  -0.8409090909090914
57 57     3.24958230958231
82 57  -0.8409090909090914
93 57  -0.2457002457002456
95 57  -0.5381818181818189
31 58  -0.2690909090909092
33 58  -0.1228501228501226
56 58 2.548209366391187e-16
58 58    1.624791154791157
59 58  -0.8409090909090916
61 58 2.548209366391186e-16
94 58  -0.1228501228501224
97 58  -0.2690909090909089
32 59  -0.5381818181818189
34 59  -0.2457002457002456
58 59  -0.8409090909090916
59 59    3.249582309582312
60 59  -0.8409090909090916
95 59  -0.2457002457002453
98 59  -0.5381818181818184
35 60  -0.2457002457002456
48 60  -0.5381818181818188
59 60  -0.8409090909090916
60 60    3.249582309582312
83 60  -0.8409090909090919
96 60  -0.2457002457002453
99 60  -0.5381818181818183
33 61  -0.2690909090909085
36 61  -0.1228501228501227
58 61 2.548209366391186e-16
61 61    1.624791154791155
62 61  -0.8409090909090906
65 61 2.548209366391182e-16
97 61  -0.1228501228501226
101 61  -0.2690909090909086
34 62  -0.5381818181818177
37 62   -0.245700245700246
61 62  -0.8409090909090906
62 62    3.249582309582309
63 62  -0.8409090909090906
98 62  -0.2457002457002457
102 62  -0.5381818181818178
35 63  -0.5381818181818175
38 63   -0.245700245700246
62 63  -0.8409090909090906
63 63    3.249582309582309
64 63  -0.8409090909090911
99 63  -0.2457002457002457
103 63  -0.5381818181818177
39 64   -0.245700245700246
49 64  -0.5381818181818177
63 64  -0.8409090909090911
64 64    3.249582309582309
84 64  -0.8409090909090904
100 64  -0.2457002457002457
104 64  -0.5381818181818179
36 65 -0.08969696969696936
61 65 2.548209366391182e-16
65 65   0.7226986076986081
66 65  -0.4204545454545448
101 65  -0.1228501228501227
106 65 -0.08969696969696936
107 65 1.377410468319559e-16
36 66 1.377410468319559e-16
37 66  -0.2690909090909085
65 66  -0.4204545454545448
66 66    1.624791154791154
67 66  -0.4204545454545448
102 66  -0.2457002457002459
107 66  -0.2690909090909085
108 66 1.377410468319559e-16
37 67 1.377410468319559e-16
38 67  -0.2690909090909085
66 67  -0.4204545454545448
67 67    1.624791154791155
68 67  -0.4204545454545451
103 67  -0.2457002457002459
108 67  -0.2690909090909085
109 67 1.377410468319559e-16
38 68 1.377410468319559e-16
39 68  -0.2690909090909086
67 68  -0.4204545454545451
68 68    1.624791154791154
69 68  -0.4204545454545447
104 68   -0.245700245700246
109 68  -0.2690909090909086
110 68 1.37741046831956e-16
39 69 1.37741046831956e-16
53 69  -0.2690909090909087
68 69  -0.4204545454545447
69 69    1.624791154791154
89 69  -0.4204545454545447
105 69  -0.2457002457002461
110 69  -0.2690909090909087
111 69 1.37741046831956e-16
40 70  -0.1401515151515148
46 70 2.038567493112946e-16
50 70  -0.2690909090909087
70 70   0.6722440622440627
80 70  -0.1228501228501228
85 70 1.37741046831956e-16
112 70  -0.1401515151515148
41 71  -0.1228501228501226
47 71 -7.281406164712087e-34
54 71  -0.4204545454545451
71 71    1.624791154791155
72 71 -1.383387082115777e-32
73 71 2.038567493112948e-16
81 71  -0.5381818181818178
90 71 2.038567493112945e-16
113 71  -0.1228501228501228
114 71 -4.11807100709795e-33
115 71  -0.4204545454545451
41 72 -4.118071007097956e-33
42 72  -0.2457002457002453
47 72  -0.8409090909090917
71 72 -1.383387082115777e-32
72 72    3.249582309582312
73 72  -0.5381818181818184
82 72  -0.5381818181818184
114 72  -0.2457002457002456
115 72 -7.281406164712087e-34
116 72  -0.8409090909090919
41 73  -0.4204545454545457
42 73 -7.281406164712094e-34
43 73  -0.1228501228501224
71 73 2.038567493112948e-16
72 73  -0.5381818181818184
73 73    1.624791154791157
74 73 -1.383387082115778e-32
76 73 2.03856749311295e-16
115 73  -0.1228501228501226
116 73 -4.118071007097955e-33
118 73  -0.4204545454545459
42 74  -0.8409090909090919
43 74 -4.11807100709796e-33
44 74  -0.2457002457002457
73 74 -1.383387082115778e-32
74 74    3.249582309582312
75 74  -0.5381818181818185
76 74  -0.5381818181818185
116 74  -0.2457002457002453
118 74 -7.281406164712094e-34
119 74  -0.8409090909090914
45 75  -0.2457002457002456
48 75  -0.8409090909090917
74 75  -0.5381818181818185
75 75     3.24958230958231
83 75  -0.5381818181818189
117 75  -0.2457002457002452
120 75  -0.8409090909090913
43 76  -0.4204545454545457
44 76 -7.281406164712085e-34
46 76  -0.1228501228501226
73 76 2.03856749311295e-16
74 76  -0.5381818181818185
76 76    1.624791154791157
77 76 -1.383387082115778e-32
80 76 2.038567493112949e-16
118 76  -0.1228501228501225
119 76 -4.118071007097963e-33
122 76  -0.4204545454545454
44 77  -0.8409090909090902
46 77 -4.118071007097958e-33
50 77  -0.2457002457002461
76 77 -1.383387082115778e-32
77 77    3.249582309582308
78 77   -0.538181818181818
80 77   -0.538181818181818
119 77  -0.2457002457002457
122 77 -7.28140616471209e-34
123 77  -0.8409090909090902
45 78  -0.8409090909090902
51 78   -0.245700245700246
77 78   -0.538181818181818
78 78    3.249582309582308
79 78  -0.5381818181818184
120 78  -0.2457002457002457
124 78  -0.8409090909090902
49 79  -0.8409090909090903
52 79  -0.2457002457002461
78 79  -0.5381818181818184
79 79    3.249582309582308
84 79  -0.5381818181818178
121 79  -0.2457002457002457
125 79  -0.8409090909090903
46 80  -0.4204545454545447
50 80 -7.281406164712078e-34
70 80  -0.1228501228501228
76 80 2.038567493112949e-16
77 80   -0.538181818181818
80 80    1.624791154791155
85 80 -1.383387082115775e-32
112 80 2.038567493112946e-16
122 80  -0.1228501228501227
123 80 -4.118071007097958e-33
127 80  -0.4204545454545447
47 81  -0.2457002457002457
54 81 -4.11807100709795e-33
55 81  -0.8409090909090904
71 81  -0.5381818181818178
81 81    3.249582309582308
90 81 -1.383387082115775e-32
93 81  -0.5381818181818178
113 81 -7.281406164712076e-34
114 81  -0.8409090909090904
128 81  -0.2457002457002459
48 82  -0.2457002457002452
57 82  -0.8409090909090914
72 82  -0.5381818181818184
82 82     3.24958230958231
96 82  -0.5381818181818188
117 82  -0.8409090909090917
129 82  -0.2457002457002455
49 83  -0.2457002457002456
60 83  -0.8409090909090919
75 83  -0.5381818181818189
83 83    3.249582309582312
100 83  -0.5381818181818183
121 83  -0.8409090909090912
130 83  -0.2457002457002453
53 84  -0.2457002457002461
64 84  -0.8409090909090904
79 84  -0.5381818181818178
84 84    3.249582309582308
105 84   -0.538181818181818
126 84  -0.8409090909090904
131 84  -0.2457002457002458
50 85  -0.4204545454545447
70 85 1.37741046831956e-16
80 85 -1.383387082115775e-32
85 85    1.624920307128415
86 85  -0.2688418019521007
112 85  -0.2690909090909087
123 85  -0.2456649488889288
124 85 4.978160863760651e-06
127 85 -7.281406164712078e-34
133 85  -0.4204545454545447
134 85 0.0004185344482494723
2262 85  -0.1592343618576743
2264 85   -1.206627228478216
2266 85   -1.298611461388939
50 86 1.37741046831956e-16
51 86  -0.4204545454545446
85 86  -0.2688418019521007
86 86    1.626337076290064
87 86  -0.2690909090909089
123 86 0.0002054003201644707
124 86  -0.2448366834954588
134 86  -0.4178133349655025
135 86 0.0002215674478971863
185 86 1.213225729587675e-06
2252 86 -0.03195578991195271
2254 86   -0.334601353475499
2256 86   -1.251183436446672
2258 86   -2.352687580139394
2260 86   -3.464701544329023
2262 86   -4.417467395959573
2264 86   -4.475967411923003
2266 86   -1.904169508224279
51 87 1.377410468319559e-16
52 87  -0.4204545454545447
86 87  -0.2690909090909089
87 87    1.624791154791155
88 87  -0.2690909090909086
125 87  -0.2457002457002461
135 87  -0.4204545454545447
136 87 1.37741046831956e-16
52 88 1.37741046831956e-16
53 88  -0.4204545454545449
87 88  -0.2690909090909086
88 88    1.624791154791155
89 88  -0.2690909090909087
126 88  -0.2457002457002461
136 88  -0.4204545454545449
137 88 1.37741046831956e-16
53 89 1.37741046831956e-16
69 89  -0.4204545454545447
88 89  -0.2690909090909087
89 89     1.62479453965416
111 89  -0.2690396565701458
132 89   -0.245694910991899
137 89  -0.4204545454545447
138 89 6.028203276180483e-05
160 89 3.099406460248696e-07
2212 89 -0.003073651092750431
2216 89 -0.04381448296278961
2220 89  -0.1878885526727841
2224 89  -0.1489906530175523
54 90 -0.08190008190008176
55 90 2.548209366391182e-16
71 90 2.038567493112945e-16
81 90 -1.383387082115775e-32
90 90   0.8533456183456192
91 90  -0.2690909090909086
113 90  -0.4204545454545449
128 90 -4.118071007097956e-33
139 90 -0.08190008190008166
55 91  -0.1228501228501227
90 91  -0.2690909090909086
91 91    1.624791154791155
92 91 2.548209366391182e-16
128 91  -0.8409090909090904
139 91 2.548209366391186e-16
140 91  -0.1228501228501226
141 91  -0.2690909090909086
55 92  -0.2690909090909087
56 92  -0.1228501228501225
91 92 2.548209366391182e-16
92 92    1.624791154791156
93 92  -0.8409090909090904
94 92 2.548209366391184e-16
141 92  -0.1228501228501227
143 92  -0.2690909090909089
57 93  -0.2457002457002456
81 93  -0.5381818181818178
92 93  -0.8409090909090904
93 93    3.249582309582308
129 93  -0.8409090909090904
142 93  -0.2457002457002459
144 93  -0.5381818181818182
56 94  -0.2690909090909093
58 94  -0.1228501228501224
92 94 2.548209366391184e-16
94 94    1.624791154791157
95 94  -0.8409090909090917
97 94 2.54820936639119e-16
143 94  -0.1228501228501226
146 94   -0.269090909090909
57 95  -0.5381818181818189
59 95  -0.2457002457002453
94 95  -0.8409090909090917
95 95    3.249582309582311
96 95  -0.8409090909090917
144 95  -0.2457002457002456
147 95  -0.5381818181818184
60 96  -0.2457002457002453
82 96  -0.5381818181818188
95 96  -0.8409090909090917
96 96    3.249582309582312
130 96  -0.8409090909090919
145 96  -0.2457002457002456
148 96  -0.5381818181818183
58 97  -0.2690909090909089
61 97  -0.1228501228501226
94 97 2.54820936639119e-16
97 97    1.624791154791157
98 97  -0.8409090909090917
101 97 2.548209366391186e-16
146 97  -0.1228501228501224
150 97  -0.2690909090909089
59 98  -0.5381818181818184
62 98  -0.2457002457002457
97 98  -0.8409090909090917
98 98    3.249582309582312
99 98  -0.8409090909090917
147 98  -0.2457002457002454
151 98  -0.5381818181818185
60 99  -0.5381818181818183
63 99  -0.2457002457002457
98 99  -0.8409090909090917
99 99    3.249582309582312
100 99  -0.8409090909090922
148 99  -0.2457002457002453
152 99  -0.5381818181818184
64 100  -0.2457002457002457
83 100  -0.5381818181818183
99 100  -0.8409090909090922
100 100    3.249582309582312
131 100  -0.8409090909090916
149 100  -0.2457002457002454
153 100  -0.5381818181818185
61 101  -0.2690909090909086
65 101  -0.1228501228501227
97 101 2.548209366391186e-16
101 101    1.624791154791155
102 101  -0.8409090909090904
106 101 2.548209366391182e-16
150 101  -0.1228501228501226
155 101  -0.2690909090909086
62 102  -0.5381818181818178
66 102  -0.2457002457002459
101 102  -0.8409090909090904
102 102    3.249582309582309
103 102  -0.8409090909090904
151 102  -0.2457002457002457
156 102  -0.5381818181818178
63 103  -0.5381818181818177
67 103  -0.2457002457002459
102 103  -0.8409090909090904
103 103    3.249582309582309
104 103  -0.8409090909090908
152 103  -0.2457002457002456
157 103  -0.5381818181818177
64 104  -0.5381818181818179
68 104   -0.245700245700246
103 104  -0.8409090909090908
104 104    3.249582309582308
105 104  -0.8409090909090902
153 104  -0.2457002457002457
158 104  -0.5381818181818179
69 105  -0.2457002457002461
84 105   -0.538181818181818
104 105  -0.8409090909090902
105 105    3.249582309582308
132 105  -0.8409090909090902
154 105  -0.2457002457002457
159 105   -0.538181818181818
65 106 -0.08969696969696936
101 106 2.548209366391182e-16
106 106   0.7226986076986081
107 106  -0.4204545454545447
155 106  -0.1228501228501226
161 106 -0.08969696969696947
162 106 1.377410468319558e-16
65 107 1.377410468319559e-16
66 107  -0.2690909090909085
106 107  -0.4204545454545447
107 107    1.624791154791154
108 107  -0.4204545454545447
156 107  -0.2457002457002458
162 107  -0.2690909090909089
163 107 1.377410468319558e-16
66 108 1.377410468319559e-16
67 108  -0.2690909090909085
107 108  -0.4204545454545447
108 108    1.624791154791154
109 108  -0.4204545454545449
157 108  -0.2457002457002458
163 108  -0.2690909090909089
164 108 1.377410468319558e-16
67 109 1.377410468319559e-16
68 109  -0.2690909090909086
108 109  -0.4204545454545449
109 109    1.624791154791155
110 109  -0.4204545454545446
158 109  -0.2457002457002458
164 109  -0.2690909090909089
165 109 1.377410468319559e-16
68 110 1.37741046831956e-16
69 110  -0.2690909090909087
109 110  -0.4204545454545446
110 110    1.624791154791155
111 110  -0.4204545454545446
159 110  -0.2457002457002459
165 110  -0.2690909090909089
166 110 1.377410468319559e-16
69 111 1.37741046831956e-16
89 111  -0.2690396565701458
110 111  -0.4204545454545446
111 111    1.626492451461309
132 111 0.000600675960933841
138 111   -0.417786520163871
160 111  -0.2453850155361918
166 111  -0.2690909090909089
167 111 1.377410468319559e-16
195 111 4.300252317376066e-07
2188 111 -0.03431810343821887
2192 111  -0.2524221246442258
2196 111  -0.6917847949678055
2200 111    -1.18121104719986
2204 111   -1.671525375585123
2208 111   -2.161853722623537
2212 111   -2.649099213463177
2216 111   -3.098659722785974
2220 111   -3.435332764183541
2224 111   -1.811707288955813
70 112  -0.1401515151515148
80 112 2.038567493112946e-16
85 112  -0.2690909090909087
112 112   0.6722440622440627
127 112  -0.1228501228501228
133 112 1.37741046831956e-16
168 112  -0.1401515151515148
71 113  -0.1228501228501228
81 113 -7.281406164712076e-34
90 113  -0.4204545454545449
113 113    1.624791154791155
114 113 -1.383387082115775e-32
115 113 2.038567493112945e-16
128 113  -0.5381818181818178
139 113 2.038567493112948e-16
169 113  -0.1228501228501226
170 113 -4.118071007097956e-33
171 113  -0.4204545454545449
71 114 -4.11807100709795e-33
72 114  -0.2457002457002456
81 114  -0.8409090909090904
113 114 -1.383387082115775e-32
114 114    3.249582309582308
115 114  -0.5381818181818178
129 114  -0.5381818181818178
170 114  -0.2457002457002459
171 114 -7.281406164712076e-34
172 114  -0.8409090909090909
71 115  -0.4204545454545451
72 115 -7.281406164712087e-34
73 115  -0.1228501228501226
113 115 2.038567493112945e-16
114 115  -0.5381818181818178
115 115    1.624791154791155
116 115 -1.383387082115777e-32
118 115 2.038567493112948e-16
171 115  -0.1228501228501228
172 115 -4.118071007097948e-33
174 115  -0.4204545454545453
72 116  -0.8409090909090919
73 116 -4.118071007097955e-33
74 116  -0.2457002457002453
115 116 -1.383387082115777e-32
116 116     3.24958230958231
117 116  -0.5381818181818185
118 116  -0.5381818181818185
172 116  -0.2457002457002457
174 116 -7.281406164712085e-34
175 116  -0.8409090909090915
75 117  -0.2457002457002452
82 117  -0.8409090909090917
116 117  -0.5381818181818185
117 117     3.24958230958231
130 117  -0.5381818181818188
173 117  -0.2457002457002456
176 117  -0.8409090909090913
73 118  -0.4204545454545459
74 118 -7.281406164712094e-34
76 118  -0.1228501228501225
115 118 2.038567493112948e-16
116 118  -0.5381818181818185
118 118    1.624791154791157
119 118 -1.383387082115779e-32
122 118 2.038567493112951e-16
174 118  -0.1228501228501226
175 118 -4.118071007097958e-33
178 118  -0.4204545454545456
74 119  -0.8409090909090914
76 119 -4.118071007097963e-33
77 119  -0.2457002457002457
118 119 -1.383387082115779e-32
119 119    3.249582309582312
120 119  -0.5381818181818186
122 119  -0.5381818181818186
175 119  -0.2457002457002454
178 119 -7.281406164712099e-34
179 119  -0.8409090909090914
75 120  -0.8409090909090913
78 120  -0.2457002457002457
119 120  -0.5381818181818186
120 120    3.249582309582311
121 120   -0.538181818181819
176 120  -0.2457002457002453
180 120  -0.8409090909090913
79 121  -0.2457002457002457
83 121  -0.8409090909090912
120 121   -0.538181818181819
121 121    3.249582309582312
131 121  -0.5381818181818185
177 121  -0.2457002457002454
181 121  -0.8409090909090912
76 122  -0.4204545454545454
77 122 -7.28140616471209e-34
80 122  -0.1228501228501227
118 122 2.038567493112951e-16
119 122  -0.5381818181818186
122 122    1.624791154791157
123 122 -1.383387082115778e-32
127 122 2.038567493112949e-16
178 122  -0.1228501228501225
179 122 -4.118071007097963e-33
183 122  -0.4204545454545454
77 123  -0.8409090909090902
80 123 -4.118071007097958e-33
85 123  -0.2456649488889288
86 123 0.0002054003201644707
122 123 -1.383387082115778e-32
123 123    3.249620797163382
124 123  -0.5381467020048121
127 123   -0.538181818181818
134 123 0.0003132069945749161
135 123 1.093894986354483e-06
179 123  -0.2457002457002457
183 123 -7.28140616471209e-34
184 123  -0.8409090909090902
2260 123  -0.1450821066305687
2262 123  -0.7656641422272197
2264 123  -0.8925574827447142
2266 123  -0.1975978760717452
78 124  -0.8409090909090902
85 124 4.978160863760651e-06
86 124  -0.2448366834954588
123 124  -0.5381467020048121
124 124    3.256003455281042
125 124  -0.5372694414321904
134 124 0.002338091324261722
135 124 0.003550801941458097
180 124  -0.2456858103952379
181 124 3.149978001067545e-06
185 124  -0.8406703515636204
186 124  0.00212705569744145
187 124 7.596539581012762e-08
2238 124 -0.07517506243914178
2240 124  -0.7178117506677283
2242 124   -2.360226377045594
2244 124   -3.699600278246719
2246 124   -4.896534683591505
2248 124   -6.011855217805028
2250 124    -6.68284016271643
2252 124   -6.768786125437725
2254 124   -6.466140561874177
2256 124   -5.549537444244314
2258 124   -4.448052582336859
2260 124   -3.190956511516658
2262 124   -1.458356733538113
2264 124  -0.2255880393303207
79 125  -0.8409090909090903
87 125  -0.2457002457002461
124 125  -0.5372694414321904
125 125    3.252050910034277
126 125  -0.5381818181818178
135 125 0.0003110513152305036
180 125 0.0001191335278605477
181 125  -0.2447148320103018
185 125 1.333179298093441e-06
186 125  -0.8371571287549431
187 125 0.0004200989911744415
258 125 1.073123892031493e-06
259 125 5.655659408130176e-09
2228 125 -0.06433061270525103
2230 125  -0.5069911503652644
2232 125    -1.49800091484096
2234 125   -2.610006870226753
2236 125    -3.72202628022018
2238 125   -4.758862976643098
2240 125   -5.185337814163979
2242 125   -4.298067703398099
2244 125   -3.101138131337942
2246 125   -1.904207231758172
2248 125  -0.7888866975446477
2250 125  -0.1178789650829643
84 126  -0.8409090909090904
88 126  -0.2457002457002461
125 126  -0.5381818181818178
126 126    3.249615037235252
132 126  -0.5381729950530472
181 126 2.571847298241287e-08
182 126  -0.2454160019764859
187 126  -0.8408343105565411
188 126 0.0002512658330937741
194 126 6.966335461089514e-07
259 126 4.706718504218454e-07
2164 126 -0.01333090416449951
2174 126  -0.1658557265722108
2183 126  -0.5670853893813446
2187 126  -0.5954184363403965
2191 126  -0.4119131778485736
2195 126  -0.2205298937274175
2199 126 -0.08757602447238626
2203 126 -0.01616875576398296
2207 126 -0.0007925666456621653
80 127  -0.4204545454545447
85 127 -7.281406164712078e-34
112 127  -0.1228501228501228
122 127 2.038567493112949e-16
123 127   -0.538181818181818
127 127    1.624791154791155
133 127 -1.383387082115775e-32
168 127 2.038567493112946e-16
183 127  -0.1228501228501227
184 127 -4.118071007097958e-33
189 127  -0.4204545454545447
81 128  -0.2457002457002459
90 128 -4.118071007097956e-33
91 128  -0.8409090909090904
113 128  -0.5381818181818178
128 128    3.249582309582309
139 128 -1.383387082115777e-32
142 128  -0.5381818181818178
169 128 -7.281406164712087e-34
170 128  -0.8409090909090904
190 128  -0.2457002457002457
82 129  -0.2457002457002455
93 129  -0.8409090909090904
114 129  -0.5381818181818178
129 129    3.249582309582308
145 129  -0.5381818181818181
173 129  -0.8409090909090906
191 129  -0.2457002457002458
83 130  -0.2457002457002453
96 130  -0.8409090909090919
117 130  -0.5381818181818188
130 130    3.249582309582311
149 130  -0.5381818181818183
177 130  -0.8409090909090913
192 130  -0.2457002457002456
84 131  -0.2457002457002458
100 131  -0.8409090909090916
121 131  -0.5381818181818185
131 131    3.249582309582312
154 131  -0.5381818181818186
182 131  -0.8409090909090916
193 131  -0.2457002457002455
89 132   -0.245694910991899
105 132  -0.8409090909090902
111 132 0.0006006759609338409
126 132  -0.5381729950530472
132 132    3.255365215025475
138 132 0.003263968007021125
160 132  -0.5364335404124685
182 132 0.0003989339988684092
187 132 1.294336796469669e-06
188 132   -0.839009829597878
194 132  -0.2438174967620962
195 132 0.005265788211164065
224 132 2.611918608421476e-06
2053 132 -0.09367193967761479
2063 132  -0.7491466278613493
2073 132   -2.223865796004139
2083 132   -4.344820108196604
2094 132   -2.719909844410003
2095 132   -2.848103832319318
2104 132   -2.525549398408842
2105 132   -3.178583691908642
2114 132    -2.31402200586851
2115 132   -3.422860874700438
2124 132   -2.102483263363348
2125 132    -3.38259726641533
2134 132   -1.890954444434566
2135 132   -3.216020186004988
2144 132   -1.679431570490714
2145 132    -3.03460388450244
2154 132   -1.467894656828729
2155 132   -2.853187582999893
2164 132   -1.243031367763463
2165 132   -2.671771281497345
2174 132  -0.8789811497587449
2175 132   -2.490354979994798
2183 132  -0.2662160862771149
2184 132   -2.308938678492252
2187 132 -0.02635166308096377
2188 132   -2.127522376989704
2192 132   -1.946106676883154
2196 132   -1.764687449436956
2200 132   -1.583269147176253
2204 132   -1.401852845673706
2208 132   -1.220443051404928
2212 132    -1.03595275956984
2216 132  -0.8137894582032741
2220 132  -0.4741396069542265
2224 132  -0.1003121062403458
85 133  -0.4204545454545447
112 133 1.37741046831956e-16
127 133 -1.383387082115775e-32
133 133    1.624791154791154
134 133  -0.2690909090909086
168 133  -0.2690909090909086
184 133  -0.2457002457002459
189 133 -7.281406164712078e-34
196 133  -0.4204545454545452
197 133 1.377410468319558e-16
85 134 0.0004185344482494723
86 134  -0.4178133349655025
123 134 0.0003132069945749162
124 134 0.002338091324261722
133 134  -0.2690909090909086
134 134    1.629616263953782
135 134  -0.2682358729201055
185 134  -0.2456736946307931
186 134 4.346853244507506e-06
197 134  -0.4204545454545452
198 134 1.377410468319557e-16
2250 134  -0.1172045224756622
2252 134  -0.9388958645940353
2254 134   -2.677575735488201
2256 134   -4.069921640162873
2258 134   -5.277375739265691
2260 134   -6.329221297547881
2262 134   -6.746316769281077
2264 134   -6.800740162476234
2266 134   -3.400378845684955
86 135 0.0002215674478971863
87 135  -0.4204545454545447
123 135 1.093894986354483e-06
124 135 0.003550801941458098
125 135 0.0003110513152305036
134 135  -0.2682358729201055
135 135    1.626930936735597
136 135  -0.2690909090909085
180 135 8.466311261817138e-07
185 135 0.0001676762033485353
186 135  -0.2447773787881418
198 135  -0.4204545454545452
199 135 1.377410468319559e-16
2240 135 -0.04288669087036368
2242 135  -0.3997710437469875
2244 135   -1.369336753738861
2246 135   -2.481352700587342
2248 135   -3.593366378154586
2250 135   -4.588158672351816
2252 135   -4.846539890042105
2254 135   -3.917228133151639
2256 135   -2.720287952180098
2258 135   -1.523364423210545
2260 135  -0.4715188649283493
2262 135 -0.05440586430148293
87 136 1.37741046831956e-16
88 136  -0.4204545454545449
135 136  -0.2690909090909085
136 136    1.624791154791155
137 136  -0.2690909090909086
187 136   -0.245700245700246
199 136  -0.4204545454545454
200 136 1.377410468319558e-16
88 137 1.37741046831956e-16
89 137  -0.4204545454545447
136 137  -0.2690909090909086
137 137    1.624791154791154
138 137  -0.2690909090909086
188 137  -0.2457002457002459
200 137  -0.4204545454545452
201 137 1.377410468319558e-16
89 138 6.028203276180483e-05
111 138   -0.417786520163871
132 138 0.003263968007021125
137 138  -0.2690909090909086
138 138    1.632033290108772
160 138 0.002172378964967863
167 138  -0.2690909090909088
194 138 2.270921653217864e-07
195 138   -0.244777499630273
201 138  -0.4204545454545451
202 138 1.377410468319557e-16
2115 138 -0.06686232631181625
2125 138  -0.4160284357869785
2135 138  -0.8914837852502012
2145 138   -1.381798113635465
2155 138   -1.872112442020728
2165 138   -2.362426770405992
2175 138   -2.852741098791255
2184 138   -3.343055427176521
2188 138   -3.799051652123567
2192 138   -4.071265105850822
2196 138   -4.122216878521789
2200 138   -4.123101693517714
2204 138   -4.123101693517714
2208 138   -4.123124823525467
2212 138   -4.123124823525465
2216 138   -4.123101693517713
2220 138   -4.123101693517713
2224 138   -2.061550846758857
90 139 -0.08190008190008166
91 139 2.548209366391186e-16
113 139 2.038567493112948e-16
128 139 -1.383387082115777e-32
139 139   0.8533456183456199
140 139  -0.2690909090909089
169 139  -0.4204545454545455
190 139 -4.118071007097958e-33
203 139 -0.08190008190008162
91 140  -0.1228501228501226
139 140  -0.2690909090909089
140 140    1.624791154791156
141 140 2.548209366391186e-16
190 140  -0.8409090909090913
203 140 2.548209366391187e-16
204 140  -0.1228501228501225
205 140  -0.2690909090909089
91 141  -0.2690909090909086
92 141  -0.1228501228501227
140 141 2.548209366391186e-16
141 141    1.624791154791155
142 141  -0.8409090909090903
143 141 2.548209366391181e-16
205 141  -0.1228501228501225
207 141  -0.2690909090909088
93 142  -0.2457002457002459
128 142  -0.5381818181818178
141 142  -0.8409090909090903
142 142    3.249582309582309
191 142  -0.8409090909090903
206 142  -0.2457002457002456
208 142  -0.5381818181818182
92 143  -0.2690909090909089
94 143  -0.1228501228501226
141 143 2.548209366391181e-16
143 143    1.624791154791155
144 143  -0.8409090909090905
146 143 2.548209366391186e-16
207 143  -0.1228501228501228
210 143  -0.2690909090909087
93 144  -0.5381818181818182
95 144  -0.2457002457002456
143 144  -0.8409090909090905
144 144    3.249582309582308
145 144  -0.8409090909090905
208 144   -0.245700245700246
211 144  -0.5381818181818177
96 145  -0.2457002457002456
129 145  -0.5381818181818181
144 145  -0.8409090909090905
145 145    3.249582309582309
192 145  -0.8409090909090908
209 145   -0.245700245700246
212 145  -0.5381818181818175
94 146   -0.269090909090909
97 146  -0.1228501228501224
143 146 2.548209366391186e-16
146 146    1.624791154791157
147 146  -0.8409090909090917
150 146 2.548209366391189e-16
210 146  -0.1228501228501226
214 146  -0.2690909090909091
95 147  -0.5381818181818184
98 147  -0.2457002457002454
146 147  -0.8409090909090917
147 147    3.249582309582311
148 147  -0.8409090909090917
211 147  -0.2457002457002457
215 147  -0.5381818181818185
96 148  -0.5381818181818183
99 148  -0.2457002457002453
147 148  -0.8409090909090917
148 148    3.249582309582312
149 148  -0.8409090909090922
212 148  -0.2457002457002457
216 148  -0.5381818181818184
100 149  -0.2457002457002454
130 149  -0.5381818181818183
148 149  -0.8409090909090922
149 149    3.249582309582311
193 149  -0.8409090909090916
213 149  -0.2457002457002457
217 149  -0.5381818181818185
97 150  -0.2690909090909089
101 150  -0.1228501228501226
146 150 2.548209366391189e-16
150 150    1.624791154791157
151 150  -0.8409090909090915
155 150 2.548209366391186e-16
214 150  -0.1228501228501224
219 150  -0.2690909090909089
98 151  -0.5381818181818185
102 151  -0.2457002457002457
150 151  -0.8409090909090915
151 151    3.249582309582311
152 151  -0.8409090909090915
215 151  -0.2457002457002453
220 151  -0.5381818181818185
