%%MatrixMarket matrix coordinate real general
1728 1728 40914
1 1 0.0001638294237985732
2 1 6.428922569069649e-05
3 1 0.0001406571473478062
5 1 0.000170133331154028
6 1 3.393052457041658e-05
7 1 9.180456502101505e-06
9 1 6.967716614893736e-05
10 1 8.571807310198004e-05
11 1 1.791701043929295e-05
12 1 7.511109331545974e-06
1 2 6.428922569069649e-05
2 2 0.0002050142441623684
3 2 5.225989287221155e-05
5 2 7.603221166780044e-05
6 2 1.734512568183414e-05
7 2 3.754296185846525e-05
9 2 0.0002070628390097538
10 2 0.0003060418794460748
11 2 9.118538514826838e-05
12 2 3.242356558516801e-05
22 2 7.650964257968709e-05
23 2 5.176426204483399e-05
26 2 2.662165741520275e-05
27 2 1.535857603324549e-05
1 3 0.0001406571473478062
2 3 5.225989287221155e-05
3 3 0.0001687128210740025
5 3 0.0001744020775630389
9 3 8.341355847167713e-05
10 3 8.030450104624002e-05
11 3 1.808621570729475e-05
13 3 3.48753734075643e-05
21 3 1.743768670378218e-05
22 3 7.846997603389734e-06
1 5 0.000170133331154028
2 5 7.603221166780044e-05
3 5 0.0001744020775630389
5 5 0.001059002625814266
6 5 0.0001856199489924863
7 5 5.611507048644403e-05
9 5 8.581725829510877e-05
10 5 0.0004964552369365079
11 5 1.007198527247247e-05
12 5 3.566930747915818e-05
13 5 0.0001846692272064242
14 5 0.000180711419880176
15 5 0.000182192287294543
16 5 6.446525395709816e-05
21 5 9.205547290618868e-05
22 5 3.566678049459365e-05
24 5 9.063485063711179e-05
25 5 2.543009220740816e-05
1 6 3.393052457041658e-05
2 6 1.734512568183414e-05
5 6 0.0001856199489924863
6 6 0.0001863766402720783
7 6 6.448447705296063e-05
10 6 9.346399126521579e-05
12 6 2.832570282684976e-05
15 6 0.0001605857010828731
16 6 7.963883377246437e-05
1 7 9.180456502101505e-06
2 7 3.754296185846525e-05
5 7 5.611507048644402e-05
6 7 6.448447705296061e-05
7 7 0.0001813439416430787
10 7 0.0002263985883147325
11 7 9.38570153529985e-06
12 7 0.0001021630884163016
15 7 5.964701209275868e-05
16 7 0.0002366417482431517
22 7 5.659946540402864e-05
25 7 5.916033324405245e-05
27 7 3.788473879716009e-05
1 9 6.967716614893736e-05
2 9 0.0002070628390097538
3 9 8.341355847167713e-05
5 9 8.581725829510877e-05
9 9 0.0003299315499557746
10 9 0.0003162862187696303
11 9 0.0001055203468483986
13 9 1.706542015042782e-05
21 9 6.826168060171109e-05
22 9 0.0001021093647352209
23 9 8.248288748894384e-05
26 9 3.583738986904313e-05
43 9 1.706542015042782e-05
44 9 1.535895366123315e-05
1 10 8.571807310198004e-05
2 10 0.0003060418794460748
3 10 8.030450104624002e-05
5 10 0.0004964552369365079
6 10 9.346399126521579e-05
7 10 0.0002263985883147324
9 10 0.0003162862187696303
10 10 0.001889065072525763
11 10 0.0001072281607154239
12 10 0.0001641119238965688
13 10 6.440890835378735e-05
14 10 7.043791966243027e-05
15 10 9.22296201700545e-05
16 10 0.0002616695068113225
21 10 0.000257124805007919
22 10 0.0005531547434681417
23 10 7.907093424337128e-05
24 10 0.0002821524808558327
25 10 0.0001422120596126315
26 10 2.047901209049124e-05
27 10 7.16749723283603e-05
42 10 6.951247967263644e-05
43 10 6.427892628580724e-05
44 10 5.221988960765567e-05
45 10 5.11965417849699e-05
74 10 1.023986000311792e-06
1 11 1.791701043929295e-05
2 11 9.11853851482684e-05
3 11 1.808621570729475e-05
5 11 1.007198527247247e-05
7 11 9.385701535299852e-06
9 11 0.0001055203468483986
10 11 0.0001072281607154239
11 11 0.0001527866967486036
12 11 1.450494234560655e-05
22 11 0.0002753200620580307
23 11 0.0001533009684191535
26 11 9.340198602722636e-05
27 11 6.143430642158798e-05
44 11 6.62701414719513e-05
46 11 3.384556963200365e-05
50 11 3.208236402422103e-05
51 11 1.706499082336335e-05
1 12 7.511109331545974e-06
2 12 3.242356558516802e-05
5 12 3.566930747915818e-05
6 12 2.832570282684976e-05
7 12 0.0001021630884163016
10 12 0.0001641119238965688
11 12 1.450494234560655e-05
12 12 0.0001229810091647703
15 12 2.064709448037627e-05
16 12 0.0001205970806301153
22 12 0.0001188854062173498
25 12 0.0001752045913541269
26 12 9.100568454400373e-07
27 12 0.0001039826261566481
44 12 2.076198078673644e-05
45 12 3.86814203306883e-05
50 12 7.963568003747728e-07
51 12 2.838473671482634e-05
3 13 3.48753734075643e-05
5 13 0.0001846692272064242
9 13 1.706542015042782e-05
10 13 6.440890835378735e-05
13 13 0.0001874929023029276
14 13 0.0001594527724434717
21 13 9.308889184212463e-05
22 13 2.832543381119978e-05
24 13 8.038394553107532e-05
5 14 0.000180711419880176
10 14 7.043791966243027e-05
13 14 0.0001594527724434717
14 14 0.001210364262795953
15 14 0.0003070233390481037
16 14 9.221090612750095e-05
21 14 7.898793291307118e-05
22 14 2.031121092893717e-05
24 14 0.0005827532858705131
25 14 6.093074141400005e-05
29 14 0.0002009472307895587
30 14 0.0001616078713956534
31 14 0.0002204531856145132
32 14 9.263192256682536e-05
41 14 9.954299408810901e-05
42 14 2.55968054214892e-05
47 14 8.173455700449751e-05
48 14 1.519090431374227e-05
5 15 0.000182192287294543
6 15 0.0001605857010828731
7 15 5.964701209275869e-05
10 15 9.22296201700545e-05
12 15 2.064709448037627e-05
14 15 0.0003070233390481037
15 15 0.001221582577894156
16 15 0.0005495411676821726
17 15 0.0001977861946245254
18 15 7.34645454669946e-05
19 15 2.543009881586146e-05
24 15 0.0001553802999549009
25 15 6.160304654817828e-05
31 15 0.0002219960937203163
32 15 0.0001091294164293097
33 15 0.0001662508315897927
34 15 6.645280488001193e-05
35 15 1.519088071195646e-05
5 16 6.446525395709816e-05
6 16 7.963883377246437e-05
7 16 0.0002366417482431517
10 16 0.0002616695068113225
12 16 0.0001205970806301153
14 16 9.221090612750093e-05
15 16 0.0005495411676821726
16 16 0.002028309303890608
17 16 9.954711408165049e-05
18 16 0.0002957979416581754
19 16 0.0001507441881506943
22 16 6.541724693517695e-05
24 16 0.000374291404454861
25 16 0.000638138910813446
27 16 4.095783159070861e-05
28 16 5.119655500194952e-05
31 16 7.50314382042668e-05
32 16 0.0002946641655407923
33 16 8.397858248373537e-05
34 16 0.0002684999245660535
35 16 0.0001132020814721876
42 16 9.357253967342713e-05
45 16 8.396114475280769e-05
48 16 7.161788770588387e-05
49 16 3.071811879413958e-05
75 16 2.047972000623584e-06
15 17 0.0001977861946245254
16 17 9.954711408165049e-05
17 17 0.0002395211125209755
18 17 9.564677634741284e-05
19 17 2.466931487428612e-05
33 17 0.000206879923266203
34 17 0.0001027859448637141
36 17 1.798723583644781e-05
37 17 6.160548580995223e-10
38 17 8.439481001727599e-06
15 18 7.34645454669946e-05
16 18 0.0002957979416581754
17 18 9.564677634741284e-05
18 18 0.0003076234901642587
19 18 0.0001271898675511306
25 18 7.394935564777031e-05
28 18 4.584808090249718e-05
33 18 8.922573199956414e-05
34 18 0.0003549591713778407
35 18 8.873977986729771e-05
36 18 7.880805508049514e-06
37 18 2.69914097036166e-10
38 18 2.958093571163336e-05
39 18 7.395233927908357e-06
15 19 2.543009881586146e-05
16 19 0.0001507441881506944
17 19 2.466931487428612e-05
18 19 0.0001271898675511306
19 19 0.0001787239951462352
25 19 0.0002190025972930286
28 19 0.0001475538920965807
33 19 1.524216198546546e-05
34 19 0.0001183175886101465
35 19 0.0002471606135812042
36 19 1.212384235217414e-06
37 19 4.152362290572276e-11
38 19 9.386038234857994e-06
39 19 2.04788961413166e-05
45 19 4.835108174923158e-05
49 19 5.802165973168822e-05
52 19 4.738366231837597e-05
53 19 4.835303256814366e-06
3 21 1.743768670378218e-05
5 21 9.205547290618868e-05
9 21 6.826168060171107e-05
10 21 0.0002571248050079189
13 21 9.308889184212463e-05
14 21 7.898793291307118e-05
21 21 0.0003697496922963222
22 21 0.0001547262539316808
23 21 1.706542015042781e-05
24 21 0.0003185576067244591
42 21 7.36658131505209e-05
43 21 9.243742307408081e-05
44 21 5.034223754625913e-05
74 21 5.973588530594074e-06
2 22 7.650964257968709e-05
3 22 7.846997603389734e-06
5 22 3.566678049459365e-05
7 22 5.659946540402865e-05
9 22 0.0001021093647352209
10 22 0.0005531547434681417
11 22 0.0002753200620580307
12 22 0.0001188854062173498
13 22 2.832543381119978e-05
14 22 2.031121092893717e-05
16 22 6.541724693517695e-05
21 22 0.0001547262539316808
22 22 0.001785632158700983
23 22 0.0002932453171197907
24 22 0.0001387996935090605
25 22 0.0001848741809967424
26 22 0.0001160454819072562
27 22 0.0002935255583533868
42 22 0.000246481739233778
43 22 0.0001965363264229094
44 22 0.0005573045286865995
45 22 0.0002389169651511184
46 22 7.13914627318327e-05
50 22 5.261972459456702e-05
51 22 8.561130009575493e-05
74 22 5.842083869376445e-05
76 22 4.209460491426688e-05
77 22 7.673811675601238e-05
78 22 5.688473422648621e-05
2 23 5.176426204483399e-05
9 23 8.248288748894384e-05
10 23 7.907093424337128e-05
11 23 0.0001533009684191535
21 23 1.706542015042781e-05
22 23 0.0002932453171197907
23 23 0.0003299315622466824
26 23 0.000159276423493281
43 23 6.826168314465685e-05
44 23 0.0001251477959688242
46 23 8.248289363439776e-05
50 23 5.375610349421865e-05
76 23 1.706542142190068e-05
77 23 2.303843850216768e-05
5 24 9.063485063711177e-05
10 24 0.0002821524808558327
13 24 8.038394553107532e-05
14 24 0.0005827532858705131
15 24 0.0001553802999549009
16 24 0.000374291404454861
21 24 0.0003185576067244591
22 24 0.0001387996935090604
24 24 0.002259720324880773
25 24 0.0002923856397185719
29 24 8.240493459308794e-05
30 24 7.916152072264039e-05
31 24 0.0001119329489599184
32 24 0.0003765800453537319
41 24 0.0003265261507664403
42 24 0.0006210730165939966
43 24 7.963940168111498e-05
44 24 3.413043067243923e-05
45 24 0.0001083632873004582
47 24 0.0003196933440849997
48 24 0.000125714914835904
72 24 7.992312921415923e-05
73 24 8.16300899840057e-05
74 24 4.880828011057675e-05
75 24 4.52254336354214e-05
5 25 2.543009220740816e-05
7 25 5.916033324405245e-05
10 25 0.0001422120596126315
12 25 0.0001752045913541269
14 25 6.093074141400005e-05
15 25 6.160304654817828e-05
16 25 0.000638138910813446
18 25 7.394935564777031e-05
19 25 0.0002190025972930286
22 25 0.0001848741809967424
24 25 0.0002923856397185719
25 25 0.001882911991178497
27 25 0.0001820338186917845
28 25 0.0002275390089982938
31 25 3.634254806627376e-05
32 25 0.0001922738706253341
34 25 6.712490328097839e-05
35 25 0.0002224224426464154
42 25 0.0002480134037880553
44 25 3.902262220906211e-05
45 25 0.0006665819714884817
48 25 0.0002284531741173608
49 25 0.000159279254365541
51 25 6.143676874723514e-05
52 25 7.679485920400647e-05
74 25 4.664453331737791e-05
75 25 5.199396173228141e-05
77 25 7.963568003747725e-07
78 25 8.214170403336726e-05
79 25 4.607719421195558e-05
2 26 2.662165741520275e-05
9 26 3.583738986904313e-05
10 26 2.047901209049124e-05
11 26 9.340198602722635e-05
12 26 9.100568454400375e-07
22 26 0.0001160454819072562
23 26 0.000159276423493281
26 26 0.0001192265138641258
27 26 8.190967255171653e-06
44 26 0.0001569967254196574
46 26 9.954482250025009e-05
50 26 8.95335673396797e-05
51 26 3.640409369013034e-05
77 26 3.321892647806271e-05
80 26 1.592685630363505e-05
85 26 2.275234246409945e-05
86 26 9.101022744453535e-06
123 26 9.10498929937083e-07
2 27 1.535857603324549e-05
7 27 3.788473879716009e-05
10 27 7.16749723283603e-05
11 27 6.143430642158797e-05
12 27 0.0001039826261566481
16 27 4.095783159070861e-05
22 27 0.0002935255583533868
25 27 0.0001820338186917845
26 27 8.190967255171652e-06
27 27 0.0001783883276132886
44 27 9.897760907253026e-05
45 27 0.0001137677741205734
50 27 7.167609922376899e-06
51 27 9.727027225098094e-05
77 27 6.825657342441008e-06
78 27 1.774723404840787e-05
86 27 1.592668260427648e-05
124 27 4.552494649685414e-07
16 28 5.119655500194951e-05
18 28 4.584808090249718e-05
19 28 0.0001475538920965807
25 28 0.0002275390089982938
28 28 0.0001695105350899934
34 28 4.57921077589118e-05
35 28 0.0002104719456681899
38 28 3.697614865927565e-06
39 28 1.706582995140351e-05
45 28 0.0001422076774819938
49 28 0.0001550061342695602
52 28 0.000133104805494375
53 28 1.279909421013124e-05
78 28 2.275277797118683e-05
79 28 2.639300481051094e-05
87 28 2.957799561090376e-05
88 28 2.275369597649226e-06
125 28 9.104989299370832e-07
14 29 0.0002009472307895587
24 29 8.240493459308793e-05
29 29 0.0002466223244884559
30 29 0.0002074068572701083
41 29 0.0001220891142454127
42 29 1.808621570729473e-05
47 29 8.941422798839275e-05
54 29 1.725209950519181e-05
71 29 8.626049752595928e-06
72 29 1.552630166920203e-05
14 30 0.0001616078713956534
24 30 7.916152072264039e-05
29 30 0.0002074068572701083
30 30 0.001148523497801508
31 30 0.000175965549499166
32 30 5.924750889062025e-05
41 30 0.0001025988619303483
42 30 2.392190290276161e-06
47 30 0.0005339058542994145
48 30 2.798951249696185e-05
54 30 0.000151664447499355
55 30 0.0001925153394132237
56 30 0.0002970945250128103
57 30 0.0001036935227698572
71 30 7.527386927094943e-05
72 30 4.334657547678999e-05
81 30 9.681602418534035e-05
82 30 4.301226739179627e-05
14 31 0.0002204531856145132
15 31 0.0002219960937203163
16 31 7.50314382042668e-05
24 31 0.0001119329489599184
25 31 3.634254806627376e-05
30 31 0.000175965549499166
31 31 0.001088827994776838
32 31 0.0005078132605824175
33 31 0.0001765258132632339
34 31  5.2222030983719e-05
35 31 3.566931691976648e-05
47 31 8.891710186974223e-05
48 31 3.600549780904603e-05
56 31 0.0001880960398743311
57 31 9.311369281700682e-05
58 31 0.0001875114836891543
59 31 8.769542342125613e-05
60 31 4.951692818290568e-06
14 32 9.263192256682536e-05
15 32 0.0001091294164293097
16 32 0.0002946641655407924
24 32 0.0003765800453537319
25 32 0.0001922738706253341
30 32 5.924750889062023e-05
31 32 0.0005078132605824175
32 32 0.001923192090152163
33 32 8.854319455175094e-05
34 32 0.0002093315149533785
35 32 0.0001683789290796952
42 32 9.414493347723029e-05
45 32 6.058204913693849e-05
47 32 0.0002400506734290054
48 32 0.0005495704577401997
49 32 6.314124601003588e-05
56 32 8.182896532762222e-05
57 32 0.0003242494098821933
58 32 9.498263738266999e-05
59 32 0.0003549667674984366
60 32 9.556753523064751e-05
72 32 6.001252561448338e-05
75 32 6.43383036469204e-05
82 32 8.106228758611056e-05
83 32 1.877348820653149e-05
15 33 0.0001662508315897927
16 33 8.397858248373539e-05
17 33 0.0002068799232662029
18 33 8.922573199956414e-05
19 33 1.524216198546546e-05
31 33 0.0001765258132632339
32 33 8.854319455175094e-05
33 33 0.001155291483246462
34 33 0.0005336781523839733
35 33 4.524054181633368e-05
36 33 0.0001514919136952507
37 33 4.388580374755533e-05
38 33 3.083502375830399e-05
58 33 0.0002949020020762295
59 33 0.0001471707131179812
61 33 0.0001969544005248353
62 33 7.025807252458282e-05
63 33 2.609734815872379e-05
15 34 6.645280488001192e-05
16 34 0.0002684999245660535
17 34 0.0001027859448637141
18 34 0.0003549591713778407
19 34 0.0001183175886101465
25 34 6.712490328097839e-05
28 34 4.57921077589118e-05
31 34  5.2222030983719e-05
32 34 0.0002093315149533785
33 34 0.0005336781523839733
34 34 0.002003271004691793
35 34 0.0005863682695408005
36 34 7.63999736170131e-05
37 34 0.0001774804312535918
38 34 0.0001530236356948396
39 34 4.636226372862708e-05
48 34 5.233269706533253e-05
49 34 8.538237822874423e-05
58 34 0.0001150183303582146
59 34 0.0004596230268337063
60 34 0.0001128577198243638
61 34 9.785219914024979e-05
62 34 0.0002867067978462887
63 34 0.0001632647872215943
64 34 2.92968758775034e-05
83 34 2.047972000623581e-06
15 35 1.519088071195646e-05
16 35 0.0001132020814721876
18 35 8.873977986729771e-05
19 35 0.0002471606135812042
25 35 0.0002224224426464154
28 35 0.0002104719456681899
31 35 3.566931691976648e-05
32 35 0.0001683789290796952
33 35 4.524054181633368e-05
34 35 0.0005863682695408005
35 35 0.001737277003162565
37 35 4.436988720638055e-05
38 35  0.00014704651045105
39 35 0.0001991008148883896
45 35 5.176584774076447e-05
48 35 0.0001359532859751889
49 35 0.0006398977025782705
52 35 7.65102630933905e-05
53 35 6.172134220016441e-05
58 35 3.458241190316941e-05
59 35 0.0002081943281452447
60 35 0.0003143450982654646
61 35 2.424768470434829e-06
62 35 7.167658266535075e-05
63 35 0.000295238685926048
64 35 0.0001638338760991697
75 35 2.502894852497825e-05
79 35 9.886496849509575e-05
83 35 7.275612708402999e-05
84 35 3.015027238954747e-05
17 36 1.798723583644781e-05
18 36 7.880805508049514e-06
19 36 1.212384235217414e-06
33 36 0.0001514919136952507
34 36 7.639997361701311e-05
36 36 0.0001532338068853017
37 36 5.726526590056434e-05
38 36 1.943403812815579e-05
61 36 0.0001613699558964522
62 36 8.003096117883859e-05
65 36 2.786788452447768e-05
66 36 8.802353439351203e-06
67 36 4.95117357989972e-06
17 37 6.160548580995223e-10
18 37 2.69914097036166e-10
19 37 4.152362290572276e-11
33 37 4.388580374755533e-05
34 37 0.0001774804312535918
35 37 4.436988720638055e-05
36 37 5.726526590056434e-05
37 37 0.0001765634386336424
38 37 8.407335616608457e-05
39 37 2.662165741520275e-05
61 37 6.874621479523109e-05
62 37 0.0002730396491860971
63 37 6.825984741313279e-05
65 37 1.44072425917479e-05
66 37 3.640466069673359e-05
67 37 2.445919601666708e-05
68 37 1.023870452984159e-05
17 38 8.439481001727599e-06
18 38 2.958093571163336e-05
19 38 9.386038234857994e-06
28 38 3.697614865927565e-06
33 38 3.083502375830399e-05
34 38 0.0001530236356948397
35 38  0.00014704651045105
36 38 1.943403812815579e-05
37 38 8.407335616608459e-05
38 38 0.0001300329434727206
39 38 9.254885909166002e-05
49 38 2.901082808264571e-05
53 38 2.724705237592297e-05
61 38 1.296731837967071e-05
62 38 0.0001066572664968049
63 38 0.0002346419788331479
64 38 5.546071185072007e-05
66 38 9.101139221904746e-06
67 38 2.104650068618905e-05
68 38 4.095481964505209e-05
69 38 1.42204925463347e-05
18 39 7.395233927908357e-06
19 39 2.04788961413166e-05
28 39 1.706582995140351e-05
34 39 4.636226372862709e-05
35 39 0.0001991008148883896
37 39 2.662165741520275e-05
38 39   9.254885909166e-05
39 39 0.0001249155028631638
49 39 0.0001009692753758103
52 39 6.25754846152997e-06
53 39 8.185431879116426e-05
62 39 2.559827938911478e-05
63 39 0.0001387976574761361
64 39 0.000171216414867884
67 39 3.185430977783059e-06
68 39 8.19096725517165e-06
69 39 4.550558954138815e-05
79 39 1.365175103109662e-05
84 39 3.549403175060115e-05
88 39 2.047696867081357e-05
89 39 1.137639653773942e-05
126 39 9.104989299370833e-07
14 41 9.954299408810901e-05
24 41 0.0003265261507664403
29 41 0.0001220891142454127
30 41 0.0001025988619303483
41 41 0.0004835169893167519
42 41 0.0001353861747875702
47 41 0.000353824609482869
54 41 8.532979132732796e-06
71 41 3.413191653093112e-05
72 41 0.0001345312541758891
73 41 0.0001208792473291882
74 41 3.583738986904313e-05
115 41 8.532979132732799e-06
116 41 3.071756179285776e-05
10 42 6.951247967263643e-05
14 42 2.559680542148921e-05
16 42 9.357253967342714e-05
21 42 7.366581315052091e-05
22 42 0.000246481739233778
24 42 0.0006210730165939964
25 42 0.0002480134037880553
29 42 1.808621570729473e-05
30 42 2.392190290276161e-06
32 42 9.414493347723029e-05
41 42 0.0001353861747875702
42 42 0.002108841181236521
43 42 0.0002946632635791445
44 42 0.000175202311457352
45 42 0.0004701431512206668
47 42 8.760226240330718e-05
48 42 0.0002724734239395855
72 42 0.0003120133951955357
73 42 0.0002727642846261951
74 42 0.0006048040594338864
75 42  0.00022612465289316
76 42 7.366581863905164e-05
77 42 3.953435113377973e-05
78 42 0.0001183178428200834
116 42 7.736342391513357e-05
118 42 6.371139979635291e-05
119 42 0.0001142267418791388
120 42 6.428111302237406e-05
9 43 1.706542015042782e-05
10 43 6.427892628580724e-05
21 43 9.243742307408081e-05
22 43 0.0001965363264229094
23 43 6.826168314465684e-05
24 43 7.963940168111499e-05
42 43 0.0002946632635791445
43 43 0.0003697497060705718
44 43 0.0002332243353424023
46 43 1.706542142190068e-05
74 43 7.964146269647996e-05
76 43 9.243742996120546e-05
77 43 6.058146855552671e-05
119 43 2.389229993074307e-05
9 44 1.535895366123315e-05
10 44 5.221988960765567e-05
11 44 6.62701414719513e-05
12 44 2.076198078673644e-05
21 44 5.034223754625913e-05
22 44 0.0005573045286865995
23 44 0.0001251477959688242
24 44 3.413043067243923e-05
25 44 3.902262220906211e-05
26 44 0.0001569967254196574
27 44 9.897760907253026e-05
42 44 0.0001752023114573519
43 44 0.0002332243353424022
44 44 0.001611900327585892
45 44 0.0001805520870347055
46 44 0.0002702068519588335
50 44 0.000210478882696369
51 44 0.0003424451748688654
74 44 0.0002298144956767719
76 44 0.0001777637424265592
77 44 0.0005977482760085237
78 44 0.0002289602197557333
80 44 6.371196954140551e-05
85 44 8.674914216161755e-05
86 44 9.243694468111925e-05
119 44 5.916012645365133e-05
122 44 3.185537290896747e-05
123 44 0.0001007452985038602
124 44 4.977438119013013e-05
10 45 5.11965417849699e-05
12 45 3.86814203306883e-05
16 45 8.39611447528077e-05
19 45 4.835108174923159e-05
22 45 0.0002389169651511184
24 45 0.0001083632873004582
25 45 0.0006665819714884817
27 45 0.0001137677741205734
28 45 0.0001422076774819938
32 45 6.058204913693849e-05
35 45 5.176584774076446e-05
42 45 0.0004701431512206666
44 45 0.0001805520870347055
45 45 0.001896331826410889
48 45 0.0002682096658007657
49 45 0.0001763452086792605
51 45 0.0002457470566793578
52 45 0.0003071794139293759
74 45 0.0002491503577031829
75 45 0.0002520042355861384
77 45 4.12983952188534e-05
78 45 0.0007032143578969359
79 45 0.0002025110099941912
86 45 7.963924310582046e-05
87 45 9.954762573186862e-05
119 45 4.266285062650195e-05
120 45 6.08676832181411e-05
124 45 9.033427220482515e-05
125 45 6.428170965407215e-05
11 46 3.384556963200365e-05
22 46 7.13914627318327e-05
23 46 8.248289363439776e-05
26 46 9.954482250025009e-05
43 46 1.706542142190068e-05
44 46 0.0002702068519588335
46 46 0.0003299315499557746
50 46 0.0002150243979563083
76 46 6.826168060171111e-05
77 46 0.0001461944241091279
80 46 8.248288134348994e-05
85 46 6.968295178757081e-05
122 46 1.706541887895494e-05
123 46 3.270972764413217e-05
14 47 8.173455700449751e-05
24 47 0.0003196933440849996
29 47 8.941422798839277e-05
30 47 0.0005339058542994145
31 47 8.891710186974225e-05
32 47 0.0002400506734290054
41 47 0.000353824609482869
42 47 8.760226240330718e-05
47 47 0.002009642628665678
48 47 0.0001444855991604346
54 47 5.529918141163474e-05
55 47 8.494655731531858e-05
56 47 0.0001511879219697567
57 47 0.0004232143149769353
71 47 0.000219586414294681
72 47 0.0006053132904999159
73 47 8.845491148660272e-05
74 47 5.119422126098649e-06
75 47 5.631538236396768e-05
81 47 0.0003413212598869505
82 47 0.0002363537684811666
114 47 8.532928090546865e-05
115 47 5.489494904257594e-05
116 47 6.860346557236013e-05
117 47 8.703360689394361e-05
14 48 1.519090431374227e-05
16 48 7.161788770588387e-05
24 48 0.000125714914835904
25 48 0.0002284531741173609
30 48 2.798951249696185e-05
31 48 3.600549780904604e-05
32 48 0.0005495704577401997
34 48 5.233269706533253e-05
35 48 0.0001359532859751889
42 48 0.0002724734239395855
45 48 0.0002682096658007657
47 48 0.0001444855991604346
48 48 0.001734094990709741
49 48 0.0002673547147154214
56 48 1.296729949817995e-05
57 48 0.0001194596500255845
59 48 8.874166592015963e-05
60 48 0.0003054720795605226
72 48 0.0001555770336587218
74 48 6.268587402900598e-05
75 48 0.0005675494324384566
78 48 5.802188097020227e-05
79 48 7.338047797290388e-05
82 48 0.000285851798076972
83 48 0.0001194638339665793
116 48 3.18548368058696e-05
117 48 6.826317185895475e-05
119 48 1.592713600749545e-06
120 48 9.090355559261869e-05
121 48 4.949166607380716e-05
16 49 3.071811879413958e-05
19 49 5.80216597316882e-05
25 49 0.000159279254365541
28 49 0.0001550061342695602
32 49 6.314124601003588e-05
34 49 8.538237822874424e-05
35 49 0.0006398977025782705
38 49 2.901082808264571e-05
39 49 0.0001009692753758103
45 49 0.0001763452086792605
48 49 0.0002673547147154214
49 49 0.001657064330210536
52 49 0.0003060410295717282
53 49 0.0002468853504062653
59 49 7.878252977002286e-05
60 49 0.0003583615092290519
63 49 7.309848217647695e-05
64 49 0.000294385011646553
75 49 0.0001223001313727436
78 49 3.640676918659493e-05
79 49 0.0006706132681666057
83 49 0.0003199766786132814
84 49 0.0001715128386796213
87 49 0.000103813755432922
88 49 7.53730840340652e-05
120 49 1.47897190626596e-05
121 49 7.736349128158984e-05
125 49 0.0001058632743453125
126 49 3.441747008401286e-05
11 50 3.208236402422103e-05
12 50 7.96356800374773e-07
22 50 5.261972459456702e-05
23 50 5.375610349421864e-05
26 50 8.953356733967968e-05
27 50 7.167609922376901e-06
44 50 0.000210478882696369
46 50 0.0002150243979563083
50 50 0.0001770260431515983
51 50 3.185586451755977e-05
77 50 5.068479350519419e-05
80 50 5.375609548393576e-05
85 50 5.972838956296544e-05
86 50 7.963965536028259e-06
123 50 1.934923248423544e-06
11 51 1.706499082336336e-05
12 51 2.838473671482633e-05
22 51 8.561130009575492e-05
25 51 6.143676874723514e-05
26 51 3.640409369013034e-05
27 51 9.727027225098094e-05
44 51 0.0003424451748688654
45 51 0.0002457470566793578
50 51 3.185586451755977e-05
51 51 0.0002568909465846096
77 51 8.447310774228306e-05
78 51 5.990020817003471e-05
85 51 1.706498828048179e-05
86 51 7.650918426962901e-05
123 51 1.138179596395134e-06
124 51 1.536551422409338e-06
19 52 4.738366231837596e-05
25 52 7.679485920400647e-05
28 52 0.000133104805494375
35 52 7.65102630933905e-05
39 52 6.25754846152997e-06
45 52 0.0003071794139293759
49 52 0.0003060410295717281
52 52 0.0002760031064313279
53 52 2.503019198122522e-05
78 52 7.67948477606818e-05
79 52 7.37217079926019e-05
87 52 9.12983066861108e-05
88 52 6.257547529082674e-06
125 52 2.78854369987198e-06
19 53 4.835303256814366e-06
28 53 1.279909421013124e-05
35 53 6.172134220016439e-05
38 53 2.724705237592296e-05
39 53 8.185431879116426e-05
49 53 0.0002468853504062653
52 53 2.503019198122523e-05
53 53 0.0001724752826378056
63 53 4.46544570418189e-05
64 53 0.0001786178148592111
67 53 7.963562758671333e-07
68 53 2.047738037512853e-06
69 53 1.137637640591384e-05
79 53 6.143677385802184e-05
84 53 4.300408680901899e-05
87 53 8.532917126731898e-06
88 53 5.631532572599592e-05
89 53 2.844093889576947e-06
125 53 2.845591449466986e-07
126 53 1.650363578767901e-06
29 54 1.725209950519181e-05
30 54 0.000151664447499355
41 54 8.532979132732796e-06
47 54 5.529918141163474e-05
54 54 0.0001569632669545311
55 54 0.000163394685656428
71 54 7.763185230639248e-05
72 54 2.064612974538748e-05
81 54 7.726517389993533e-05
90 54 2.937276873061886e-05
113 54 1.468638436530947e-05
114 54 5.287076012737347e-06
30 55 0.0001925153394132237
47 55 8.494655731531859e-05
54 55 0.000163394685656428
55 55 0.001087436597470249
56 55 0.0002432537319201948
57 55 7.69728795725664e-05
71 55 8.02205092955657e-05
72 55 1.263141594674083e-05
81 55 0.0005132287697924591
82 55 4.334856622961198e-05
90 55 0.0001956767673410993
91 55 0.0001778681262430921
92 55 0.0001789725662734477
93 55 6.550859572647379e-05
113 55 9.765229533329415e-05
114 55 3.310736870172465e-05
128 55 8.912015145880199e-05
129 55 2.287017061675577e-05
30 56 0.0002970945250128103
31 56 0.0001880960398743311
32 56 8.182896532762223e-05
47 56 0.0001511879219697567
48 56 1.296729949817995e-05
55 56 0.0002432537319201948
56 56 0.001324044646316103
57 56 0.0005854818961442372
58 56 0.0001835233445284085
59 56 7.053705597001114e-05
60 56 2.047840599757091e-05
81 56 0.0001221874642312058
82 56 7.47390694598074e-05
92 56 0.0001801231788258146
93 56 8.950099114179945e-05
94 56 0.000204957983589967
95 56 7.877544296686587e-05
96 56 2.287018477776875e-05
30 57 0.0001036935227698573
31 57 9.311369281700682e-05
32 57 0.0003242494098821933
47 57 0.0004232143149769353
48 57 0.0001194596500255845
55 57 7.69728795725664e-05
56 57 0.0005854818961442372
57 57 0.002113622610233758
58 57 9.176167226420458e-05
59 57 0.0002821453171349736
60 57 0.0001319714434641322
72 57 0.0001058033581402517
75 57 2.559824162631602e-05
81 57  0.00030945506064722
82 57 0.0006958181322490766
83 57 4.095681199514189e-05
92 57 6.694991212923331e-05
93 57 0.0002662266590835081
94 57 0.000103232583524097
95 57 0.0003174156409574396
96 57 0.0001484688838383472
114 57 7.736354455784542e-05
117 57 0.0001116084478364922
129 57 6.655654797924875e-05
130 57 4.607672692576418e-05
31 58 0.0001875114836891543
32 58 9.498263738267001e-05
33 58 0.0002949020020762295
34 58 0.0001150183303582146
35 58 3.458241190316941e-05
56 58 0.0001835233445284085
57 58 9.17616722642046e-05
58 58 0.001316189387292296
59 58 0.0006274478029275032
60 58 3.081046938104477e-05
61 58 0.0002454952969233949
62 58 6.815154040975634e-05
63 58 5.245166136133946e-05
94 58 0.0002032892318043022
95 58 0.0001016446159021514
97 58 0.0001800988569223198
98 58 7.595537786346343e-05
99 58 1.270622364107098e-05
31 59 8.769542342125613e-05
32 59 0.0003549667674984365
33 59 0.0001471707131179812
34 59 0.0004596230268337063
35 59 0.0002081943281452447
48 59 8.874166592015964e-05
49 59 7.878252977002286e-05
56 59 7.053705597001114e-05
57 59 0.0002821453171349736
58 59 0.0006274478029275032
59 59 0.002410113435871615
60 59 0.0006493970155258112
61 59 0.0001230279363818315
62 59 0.0002730441023286197
63 59 0.000258262008769595
64 59 7.309784071720739e-05
82 59 7.053622547141963e-05
83 59 7.912827250855856e-05
94 59 9.329106446754457e-05
95 59 0.0003731642578701775
96 59 9.32910644675446e-05
97 59  8.9783648364636e-05
98 59 0.0003071818024002645
99 59 0.0001183229717398845
100 59 1.678225528561199e-05
31 60 4.951692818290568e-06
32 60 9.556753523064752e-05
34 60 0.0001128577198243638
35 60 0.0003143450982654646
48 60 0.0003054720795605226
49 60 0.0003583615092290519
56 60 2.047840599757091e-05
57 60 0.0001319714434641322
58 60 3.081046938104477e-05
59 60 0.0006493970155258112
60 60 0.002078798786766436
62 60 6.826064925453897e-05
63 60 0.0002428970325507239
64 60 0.0003265211627153361
75 60 7.508805481152761e-05
79 60 8.475506402417592e-05
82 60 0.0002207096913521614
83 60 0.0006902460259747442
84 60 8.248366440727997e-05
94 60 9.101007478706751e-06
95 60 0.0001092166883848007
96 60 0.0003003516522085325
97 60 1.212384235217412e-06
98 60 7.679538571286079e-05
99 60 0.0003003530534381283
100 60 0.0001143429787647128
117 60 5.005782320344679e-05
121 60 0.0001380039037292208
130 60 7.281266389493945e-05
131 60 2.958140033118515e-05
33 61 0.0001969544005248353
34 61 9.785219914024979e-05
35 61 2.424768470434829e-06
36 61 0.0001613699558964522
37 61 6.874621479523109e-05
38 61 1.296731837967071e-05
58 61 0.0002454952969233949
59 61 0.0001230279363818316
61 61 0.001100938334746262
62 61 0.0005080913979774501
63 61 4.159616897951763e-05
65 61 0.0001970019544914342
66 61 6.436534822488011e-05
67 61 3.310987680479673e-05
97 61 0.0001789970578159443
98 61 8.921824098783852e-05
101 61 0.0001786038296143093
102 61 6.541766058687928e-05
103 61 2.287015645576191e-05
33 62 7.025807252458282e-05
34 62 0.0002867067978462888
35 62 7.167658266535075e-05
36 62 8.003096117883859e-05
37 62 0.0002730396491860971
38 62 0.0001066572664968048
39 62 2.559827938911478e-05
58 62 6.815154040975634e-05
59 62 0.0002730441023286197
60 62 6.826064925453898e-05
61 62 0.0005080913979774501
62 62 0.001914066093440184
63 62 0.0005670852185357555
64 62 5.733915690627924e-05
65 62 9.915499401511298e-05
66 62 0.0002594000625362169
67 62 0.0001646840134029618
68 62 6.655611097982356e-05
97 62 6.666712515193194e-05
98 62 0.0002662167526341647
99 62 6.553008536856107e-05
100 62 1.02398600031179e-06
101 62 9.062224676115734e-05
102 62 0.0002662269183857478
103 62 0.0001356716182271952
104 62 4.607667028156601e-05
33 63 2.609734815872379e-05
34 63 0.0001632647872215944
35 63 0.000295238685926048
37 63 6.825984741313279e-05
38 63 0.0002346419788331478
39 63 0.0001387976574761361
49 63 7.309848217647695e-05
53 63 4.46544570418189e-05
58 63 5.245166136133946e-05
59 63 0.000258262008769595
60 63 0.0002428970325507239
61 63 4.159616897951762e-05
62 63 0.0005670852185357555
63 63 0.001806669380877806
64 63 0.0005939922157218449
66 63 6.484984693322672e-05
67 63 0.0001595652259677347
68 63 0.0002707751869973187
69 63 9.357717657384501e-05
83 63 4.863606109490472e-05
84 63 6.962625611996211e-05
97 63 2.320654403613541e-05
98 63 0.0001433495099651541
99 63 0.0002262864994707916
100 63 5.273212012876862e-05
102 63 6.65566128048465e-05
103 63 0.0001971114522817651
104 63 0.0002099059540581447
105 63 6.399568855505092e-05
34 64 2.92968758775034e-05
35 64 0.0001638338760991697
38 64 5.546071185072005e-05
39 64 0.000171216414867884
49 64 0.0002943850116465531
53 64 0.0001786178148592111
59 64 7.309784071720739e-05
60 64 0.0003265211627153361
62 64 5.733915690627924e-05
63 64 0.0005939922157218449
64 64 0.001725666088016398
67 64 3.157179379559666e-05
68 64 8.475904722398332e-05
69 64 0.0003743086784072098
79 64 7.053855907039047e-05
83 64 0.000223271828112753
84 64 0.0006025782320927764
88 64 8.105898106832513e-05
89 64 9.812789511204014e-05
98 64 3.839638815882897e-05
99 64 0.0001922661420385881
100 64 0.0002340804534810002
103 64 4.272192463056065e-05
104 64 0.0001464259923115464
105 64 0.0002696365035430652
121 64 4.095676162571288e-05
126 64 9.90375335111589e-05
131 64 5.916012645365133e-05
132 64 6.172070257973317e-05
36 65 2.786788452447768e-05
37 65 1.440724259174789e-05
61 65 0.0001970019544914342
62 65 9.915499401511296e-05
65 65 0.0002123495431435866
66 65 7.481771152021805e-05
67 65 3.088563857916953e-05
101 65 0.000180492035601492
102 65 8.959200103135049e-05
36 66 8.802353439351203e-06
37 66 3.640466069673359e-05
38 66 9.101139221904745e-06
61 66 6.436534822488011e-05
62 66 0.0002594000625362169
63 66 6.484984693322672e-05
65 66 7.481771152021805e-05
66 66 0.0002120632849660656
67 66 0.0001175227055483779
68 66 4.300461030056397e-05
101 66 6.704090435109886e-05
102 66 0.000266216954037582
103 66 6.655412171986205e-05
36 67 4.95117357989972e-06
37 67 2.445919601666708e-05
38 67 2.104650068618905e-05
39 67 3.185430977783059e-06
53 67 7.963562758671335e-07
61 67 3.310987680479673e-05
62 67 0.0001646840134029618
63 67 0.0001595652259677347
64 67 3.157179379559666e-05
65 67 3.088563857916953e-05
66 67 0.0001175227055483779
67 67 0.0001383406345465949
68 67 0.000124462112933184
69 67 3.60645471646607e-05
101 67 2.320652515473776e-05
102 67  0.00013566916112873
103 67 0.0001971014539549357
104 67 4.351577849241727e-05
37 68 1.023870452984159e-05
38 68 4.095481964505209e-05
39 68 8.19096725517165e-06
53 68 2.047738037512853e-06
62 68 6.655611097982357e-05
63 68 0.0002707751869973187
64 68 8.475904722398333e-05
66 68 4.300461030056397e-05
67 68 0.000124462112933184
68 68 0.0001783883276132886
69 68 0.000102390144135845
84 68 4.55073248227979e-06
89 68 1.592668260427648e-05
102 68 4.607669293924534e-05
103 68 0.0002047841900478525
104 68 0.0001279863359691203
105 68 2.002215890856909e-05
132 68 4.552494649685417e-07
38 69 1.42204925463347e-05
39 69 4.550558954138815e-05
53 69 1.137637640591384e-05
63 69  9.3577176573845e-05
64 69 0.0003743086784072098
67 69 3.606454716466069e-05
68 69 0.000102390144135845
69 69 0.0003080896721088009
84 69 9.215442336370951e-05
88 69 1.422049042731637e-05
89 69 8.930886469702631e-05
103 69 6.911506343973426e-05
104 69 0.0002764602331610443
105 69 6.757850171837889e-05
126 69 1.422739266050778e-06
132 69 1.53655142240934e-06
29 71 8.626049752595928e-06
30 71 7.527386927094943e-05
41 71 3.413191653093112e-05
47 71 0.000219586414294681
54 71 7.763185230639248e-05
55 71 8.022050929556572e-05
71 71 0.0003071770088724403
72 71 0.0001163307759604187
73 71 8.532979132732799e-06
81 71 0.0003037624890742626
90 71 1.422104691750407e-05
113 71 5.688418767001615e-05
114 71 9.12988743635219e-05
115 71 7.679425221811024e-05
116 71 4.095721794522862e-05
171 71 1.422104691750407e-05
172 71 1.023911047992837e-05
24 72 7.992312921415923e-05
29 72 1.552630166920203e-05
30 72 4.334657547678998e-05
32 72 6.001252561448338e-05
41 72 0.0001345312541758891
42 72 0.0003120133951955357
47 72 0.0006053132904999159
48 72 0.0001555770336587218
54 72 2.064612974538748e-05
55 72 1.263141594674083e-05
57 72 0.0001058033581402517
71 72 0.0001163307759604187
72 72 0.001859102174934373
73 72 0.0003077433141492956
74 72 7.935347960247344e-05
75 72 0.000244886578524765
81 72 0.0001237260910640106
82 72 0.0002926630315015105
114 72 0.0003029203242711953
115 72 0.0001581439743808948
116 72 0.0006071872516249612
117 72 0.0003967693354457759
118 72 7.309613603625986e-05
119 72 2.360705608743334e-05
120 72 6.854518268841113e-05
172 72 7.253034958988631e-05
174 72 3.441634263417874e-05
175 72 0.0001051243776200818
176 72 0.0001006852778114579
24 73 8.16300899840057e-05
41 73 0.0001208792473291882
42 73 0.0002727642846261951
47 73 8.845491148660272e-05
71 73 8.532979132732799e-06
72 73 0.0003077433141492956
73 73 0.0004835170073291632
74 73 0.0001891422536576303
115 73 3.413191780244408e-05
116 73 0.000180607593156716
118 73 0.0001208792563353938
119 73 5.375610349421865e-05
174 73 8.532979768489276e-06
175 73 4.607635870974235e-05
10 74 1.023986000311792e-06
21 74 5.973588530594074e-06
22 74 5.842083869376445e-05
24 74 4.880828011057675e-05
25 74 4.664453331737791e-05
41 74 3.583738986904313e-05
42 74 0.0006048040594338864
43 74 7.964146269647996e-05
44 74 0.0002298144956767719
45 74 0.0002491503577031829
47 74 5.11942212609865e-06
48 74 6.268587402900598e-05
72 74 7.935347960247344e-05
73 74 0.0001891422536576303
74 74  0.00164806848069138
75 74 0.0002177547203544771
76 74 0.0002289620030976079
77 74 0.000168661908938995
78 74 0.0004783905589953844
116 74 0.0002406225663020755
118 74 0.0002190081342569367
119 74 0.0006932048505109622
120 74 0.0002548478095612375
122 74 5.574709937700402e-05
123 74 4.209427461495891e-05
124 74 0.000120024234175689
175 74 5.887578156204988e-05
178 74 4.579268201762921e-05
179 74 0.0001588242176626725
180 74 6.20053200225463e-05
16 75 2.047972000623584e-06
24 75 4.52254336354214e-05
25 75 5.199396173228141e-05
32 75 6.43383036469204e-05
35 75 2.502894852497825e-05
42 75  0.00022612465289316
45 75 0.0002520042355861385
47 75 5.631538236396768e-05
48 75 0.0005675494324384566
49 75 0.0001223001313727436
57 75 2.559824162631602e-05
60 75 7.508805481152763e-05
72 75 0.000244886578524765
74 75 0.0002177547203544771
75 75 0.001547968789652877
78 75 0.0002434668058711618
79 75 0.0002980724001358572
82 75 0.000157857009922191
83 75 0.0001962529897539551
116 75 0.000134815543420069
117 75 0.0002474543854139305
119 75 5.358525449608686e-05
120 75 0.0006202822385846831
121 75 0.0002116183997367037
124 75 5.119611313311192e-05
125 75 8.361967598769421e-05
175 75 1.962503775289033e-05
176 75 5.546403133770674e-05
180 75  0.00010444231663868
181 75 8.020978023919411e-05
22 76 4.209460491426689e-05
23 76 1.706542142190068e-05
42 76 7.366581863905164e-05
43 76 9.243742996120546e-05
44 76 0.0001777637424265592
46 76 6.826168060171111e-05
74 76 0.000228962003097608
76 76 0.0003697496922963226
77 76 0.0002639420201270582
80 76 1.706541887895494e-05
119 76 0.0001333976130655532
122 76 9.243741618695623e-05
123 76 7.082066847751788e-05
179 76 4.181097528447661e-05
22 77 7.673811675601238e-05
23 77 2.303843850216768e-05
25 77 7.963568003747725e-07
26 77 3.321892647806271e-05
27 77 6.825657342441008e-06
42 77 3.953435113377973e-05
43 77 6.058146855552671e-05
44 77 0.0005977482760085237
45 77 4.12983952188534e-05
46 77 0.0001461944241091279
50 77 5.068479350519419e-05
51 77 8.447310774228307e-05
74 77 0.0001686619089389951
76 77 0.0002639420201270582
77 77 0.001455680621311856
78 77 0.0002036460796719601
80 77 0.0002392011429349587
85 77 0.000335614879933027
86 77 0.0003651950603388957
119 77 0.0002198594656415726
122 77 0.0001470461153667244
123 77 0.0005914963407350488
124 77 0.0001917025669348744
127 77 5.404067696644648e-05
133 77 8.390371998325691e-05
134 77 9.129876508472414e-05
179 77 5.660018296830788e-05
183 77 2.161616395963484e-05
184 77 0.0001385167032493526
185 77 4.721445716787983e-05
22 78 5.688473422648621e-05
25 78 8.214170403336726e-05
27 78 1.774723404840787e-05
28 78 2.275277797118683e-05
42 78 0.0001183178428200834
44 78 0.0002289602197557333
45 78 0.0007032143578969359
48 78 5.802188097020227e-05
49 78 3.640676918659493e-05
51 78 5.990020817003472e-05
52 78 7.67948477606818e-05
74 78 0.0004783905589953842
75 78 0.0002434668058711618
77 78 0.0002036460796719601
78 78 0.001846491629110574
79 78 0.0001188861748596872
86 78 0.0003105897688737698
87 78 0.0003981905029274738
119 78 0.0002445999763188819
120 78 0.0002741879215391712
123 78 5.148033219719602e-05
124 78 0.0006765938359576964
125 78 0.000257126838616288
